5000
0,900
900,0
900,900
0,0
267.06,113.326
540.315,845.291
132.428,671.523
244.824,294.341
663.821,502.341
325.914,131.691
409.325,444.028
143.093,626.266
693.531,764.294
337.035,557.22
563.578,537.769
255.303,816.88
653.32,501.095
270.754,74.138
496.667,839.822
89.1953,800.333
793.526,765.489
799.631,162.219
763.628,190.74
81.4085,810.318
137.037,661.185
425.614,556.473
189.838,186.346
259.78,258.909
94.7243,284.173
809.9,602.566
296.34,701.776
751.077,654.868
537.901,845.276
214.579,558.962
224.468,712.92
306.875,730.96
199.43,144.867
63.5382,761.296
571.441,446.079
466.78,136.461
428.113,561.946
122.976,49.0336
725.229,64.2977
357.963,797.839
796.444,436.188
325.063,264.413
471.982,666.05
162.044,582.822
660.186,185.137
583.725,291.794
802.745,276.268
410.339,420.082
559.159,185.125
390.456,854.701
564.59,57.2741
736.486,399.883
375.493,72.9625
416.07,758.403
242.703,654.241
853.785,250.259
275.329,109.092
547.231,627.524
307.953,176.598
552.971,167.535
77.5672,368.973
809.233,447.954
768.454,467.37
522.703,426.916
814.545,405.236
320.722,111.577
504.621,738.398
378.101,508.44
282.524,703.242
395.789,604.073
583.225,55.6125
75.1099,197.322
618.229,350.789
582.762,388.66
647.16,580.975
170.124,319.673
625.675,296.988
353.428,405.021
208.563,214.608
496.619,760.016
55.5412,321.842
535.177,146.716
599.325,424.263
739.628,831.462
762.98,620.561
328.443,570.214
332.949,746.367
813.181,243.377
440.374,74.7784
833.234,644.261
810.39,769.172
706.777,333.34
745.528,297.351
723.918,287.393
764.784,269.608
182.209,113.98
283.925,190.278
850.611,362.073
67.8572,360.576
764.293,412.595
302.636,228.257
518.15,536.098
620.701,622.566
604.085,518.622
462.41,61.6281
635.263,404.595
609.629,515.484
816.225,170.015
478.683,60.9771
808.567,444.695
236.073,734.894
156.007,205.698
56.979,565.438
146.875,679.149
519.458,612.163
617.331,639.793
220.088,335.135
615.245,808.234
584.984,845.36
832.898,635.642
720.969,245.696
343.723,416.618
509.569,398.597
688.909,412.689
783.666,358.147
624.617,204.196
143.243,772.81
706.414,785.789
787.727,854.445
341.538,477.759
445.311,450.186
501.011,82.0957
821.623,359.164
358.667,530.107
784.161,200.771
169.311,759.379
191.701,675.163
322.345,87.409
283.455,278.709
807.838,524.86
48.5844,846.44
662.458,419.034
837.366,382.343
720.716,512.337
535.434,419.956
432.001,124.069
369.78,530.763
714.831,101.434
571.179,193.129
682.824,435.076
191.468,81.2391
793.909,178.699
717.088,64.9188
232.226,753.464
568.243,248.598
232.495,209.971
130.37,47.1217
54.158,454.399
282.34,602.841
268.703,576.993
680.433,767.335
591.824,771.334
612.61,844.48
485.591,495.066
521.424,766.49
715.547,379.381
427.466,807.055
359.205,75.4534
163.143,615.238
521.744,681.98
328.208,483.965
456.072,837.005
677.127,180.287
205.385,610.789
632.472,397.977
680.895,350.804
49.2805,450.564
293.176,499.198
100.167,491.557
98.2723,346.521
236.637,224.943
208.359,428.994
241.168,207.997
718.783,562.362
384.531,745.127
68.2354,219.595
751.719,470.607
403.416,430.817
839.845,465.185
759.762,572.356
746.541,564.502
693.912,455.781
836.248,120.845
382.229,643.999
335.738,369.572
549.495,272.975
191.24,540.391
676.5,689.091
344.452,607.101
466.208,270.454
233,702.528
831.461,229.263
469.576,685.663
458.222,466.481
729.246,672.2
205.061,351.064
652.995,649.014
804.675,425.5
590.878,209.781
824.928,531.232
193.07,558.047
747.958,776.127
818.276,66.7744
470.811,594.672
737.219,545.59
655.194,131.161
103.436,810.556
624.189,487.882
829.056,497.161
702.815,401.005
442.298,181.712
374.034,117.577
503.126,695.056
432.428,652.518
705.058,808.324
438.771,836.172
372.431,749.967
434.679,733.88
351.114,476.154
175.267,338.395
405.145,115.739
158.756,722.37
792.944,403.17
333.585,103.38
547.185,744.12
668.873,749.321
218.327,82.5556
264.532,429.973
248.62,625.288
519.271,543.871
58.5748,112.683
566.446,307.944
709.823,458.327
544.177,144.902
429.81,367.079
622.409,663.716
492.452,165.282
220.471,315.317
511.953,664.035
143.812,718.71
625.606,755.31
740.174,324.544
418.803,699.325
447.076,298.374
596.645,522.876
337.388,115.215
405.269,466.141
122.167,241.047
441.855,602.681
320.779,261.084
82.4691,200.361
370.279,485.976
532.917,781.44
460.547,754.766
654.525,450.028
576.371,524.279
691.71,301.577
844.576,484.177
126.499,839.037
319.586,193.437
375.967,171.366
488.755,206.447
811.934,800.693
114.48,617.789
174.279,300.346
375.485,662.02
81.0314,362.475
408.438,543.275
363.891,245.463
50.5363,724.341
393.857,296.07
342.636,156.405
649.45,260.874
275.427,133.149
479.584,519.956
581.077,696.213
669.426,383.56
207.612,733.768
286.067,400.095
58.6637,605.661
697.395,85.5551
717.968,55.8988
557.08,335.973
608.286,526.565
61.715,109.729
759.692,662.488
68.0583,385.756
473.197,201.814
324.163,768.591
706.437,573.478
65.9218,660.203
608.022,777.498
544.4,616.806
342.14,807.601
560.042,557.605
763.158,726.544
162.915,671.922
99.9111,256.319
363.432,393.342
675.422,462.869
769.028,619.807
302.299,501.652
729.817,140.656
258.448,88.3374
662.133,677.601
721.443,93.1463
264.358,655.521
243.196,386.309
120.436,207.789
179.221,427.677
300.931,55.7195
217.651,173.876
221.12,292.116
374.495,56.9464
200.023,832.108
709.89,48.3066
470.802,357.826
467.666,626.559
583.316,221.497
293.96,144.126
364.366,322.174
684.097,741.371
745.663,141.621
430.27,569.97
723.924,699.946
768.984,260.434
580.996,420.634
278.221,273.338
603.52,384.175
331.982,344.632
440.254,470.741
193.197,74.6121
822.643,570.354
731.736,556.913
805.928,760.443
580.678,109.341
178.775,145.708
708.56,290.268
500.535,659.433
592.82,497.968
291.661,235.001
595.44,159.817
623.267,404.602
653.113,837.639
290.572,73.5719
738.145,737.545
142.147,825.692
97.6446,354.788
171.455,132.66
430.256,552.457
726.757,550.022
484.016,813.77
429.856,590.762
145.535,845.749
114.631,377.317
725.76,281.223
449.727,272.636
161.251,273.857
837.573,265.199
586.018,621.276
429.237,100.677
592.8,806.732
66.8218,170.651
377.35,796.753
437.179,270.138
623.238,126.339
678.984,356.066
222.512,538.753
233.949,420.575
189.214,766.927
321.826,276.011
404.228,190.295
342.914,397.813
354.348,724.617
86.6634,276.926
775.579,658.911
391.236,685.338
783.549,457.259
484.975,425.492
751.374,181.32
110.071,664.529
788.049,757.264
276.538,766.329
79.2283,602.727
218.089,215.9
327.997,598.17
854.41,152.372
112.752,377.338
318.63,425.493
541.083,524.925
319.788,443.314
606.958,116.634
225.075,625.088
713.746,567.726
462.2,795.611
484.191,398.832
45.4397,741.623
602.241,825.143
498.636,745.401
753.836,217.305
694.553,73.7555
727.959,713.641
322.548,343.121
389.82,321.803
274.532,452.654
536.704,381.598
339.391,326.95
93.7846,361.64
71.9613,666.488
639.854,677.755
584.638,462.695
589.489,421.337
289.479,376.837
447.808,221.484
623.093,331.642
744.349,432.363
602.845,814.639
286.72,679.311
113.691,403.122
235.226,748.206
77.3884,619.291
848.262,419.016
342.358,768.334
177.534,676.412
803.186,300.308
391.539,47.9559
267.506,545.933
646.046,271.19
215.281,250.851
630.52,740.635
354.146,175.928
652.612,515.564
112.495,332.998
240.912,796.909
459.793,502.142
65.7993,245.479
176.516,433.783
455.254,200.505
553.518,421.975
172.906,346.36
75.8271,647.99
111.002,703.915
455.848,599.348
726.693,721.899
756.777,776.989
235.725,253.012
315.122,627.541
626.44,117.25
418.188,263.62
597.146,379.453
851.893,144.125
110.257,362.02
403.122,510.809
605.006,660.443
455.612,348.314
572.702,651.692
702.527,242.341
368.99,741.629
603.459,419.229
115.63,272.171
461.08,351.511
164.126,240.904
758.112,702.037
491.577,90.8046
605.079,131.869
271.969,135.53
287.193,451.797
405.411,373.211
430.742,343.649
313.433,724.617
332.127,185.521
467.092,481.472
261.658,682.581
809.856,635.322
433.206,789.873
220.315,309.329
666.438,345.265
240.017,846.956
838.459,708.714
327.78,821.26
574.163,839.611
573.646,543.457
464.058,268.899
75.7388,285.429
482.259,248.253
192.217,117.535
423.994,660.439
151.213,118.506
632.752,259.705
245.169,317.02
510.853,467.203
111.069,356.093
713.845,287.995
816.466,738.67
355.857,419.379
578.767,352.48
404.516,641.996
242.163,574.397
406.493,440.578
617.72,388.899
407.844,601.353
719.289,206.455
641.373,250.049
772.048,138.958
83.0026,246.209
62.1729,97.5311
77.3795,116.567
306.55,631.312
634.295,534.293
485.663,516.533
153.834,62.598
673.827,388.449
138.6,537.942
284.362,558.754
370.203,802.97
419.207,772.115
185.472,379.601
781.837,129.867
379.036,46.5722
825.769,464.362
332.694,412.332
573.557,570.978
505.946,191.62
625.476,66.4026
85.2832,744.096
703.791,521.718
795.988,204.78
402.981,67.2467
509.516,497.314
828.494,840.866
235.528,330.766
533.805,141.598
385.726,456.517
689.384,67.8264
800.456,669.904
518.136,321.513
280.503,378.106
649.89,306.243
809.994,597.236
106.381,832.147
555.793,589.993
453.644,354.133
771.22,333.834
528.912,717.078
620.395,738.818
68.7918,119.901
346.361,114.888
382.953,747.559
157.76,151.017
819.219,609.249
716.492,543.408
146.405,480.669
674.459,126.405
252.638,837.898
197.128,644.456
134.184,646.908
150.714,213.728
157.032,270.669
258.866,477.978
370.624,410.961
266.345,344.566
679.065,289.61
110.318,489.033
600.692,128.571
538.53,364.406
843.312,102.241
524.335,220.641
149.099,430.41
63.3327,731.291
608.397,423.916
654.157,103.562
268.013,70.0983
167.006,413.125
536.426,199.273
96.6418,270.672
255.057,287.377
831.072,321.308
615.099,661.847
479.87,816.009
627.771,399.128
138.4,331.963
165.773,368.463
311.379,384.056
727.63,802.555
801.027,695.127
748.44,264.682
70.7733,825.922
585.297,199.656
206.904,217.027
208.355,164.938
443.594,634.232
270.642,492.347
181.493,264.748
638.469,153.852
782.141,521.959
280.563,722.355
303.56,363.123
829.431,64.6191
246.058,780.228
176.305,816.454
557.48,137.029
695.879,338.716
102.492,344.863
829.027,52.0186
713.087,103.806
269.348,601.377
250.083,648.322
497.205,549.758
824.409,59.638
243.777,165.511
532.401,215.137
314.541,147.668
828.282,712.868
211.539,544.865
653.811,312.467
724.035,425.557
713.428,110.399
673.703,104.557
196.106,802.39
151.927,634.915
548.907,769.366
331.37,154.457
785.395,563.461
334.964,756.077
842.013,181.327
789.631,316.071
668.079,527.269
678.326,303.958
500.327,381.893
805.332,272.752
57.1001,446.005
415.344,526.567
766.734,569.211
59.1231,277.926
537.309,736.152
156.969,784.235
95.8849,722.75
805.422,841.125
171.524,411.266
197.19,632.47
262.9,651.218
424.751,271.479
47.4677,660.089
571.386,451.465
336.91,834.32
350.491,177.781
607.501,294.677
121.434,417.069
581.914,439.471
190.254,530.646
368.773,804.288
292.582,343.325
784.127,537.074
261.143,50.05
582.881,757.99
280.877,56.6134
50.2935,774.245
751.968,115.187
333.805,382.154
566.017,198.766
88.712,600.255
788.088,730.646
249.243,49.7197
687.385,607.991
188.05,412.658
717.085,180.895
809.54,479.377
492.492,111.067
171.946,549.414
82.3565,601.828
679.542,422.287
128.542,270.844
207.963,45.0181
617.261,356.95
467.704,697.875
635.019,203.049
431.175,481.786
733.817,143.665
587.033,628.571
823.524,97.419
357.557,478.433
324.204,376.698
588.434,71.2698
515.803,569.917
313.661,734.674
490.492,813.832
401.768,342.05
528.445,552.23
78.6237,97.4647
698.555,721.964
273.906,305.936
552.646,743.213
497.57,203.923
307.854,460.631
738.996,345.138
371.77,245.895
662.275,89.3282
567.024,60.8354
646.482,311.822
47.6453,380.481
770.103,89.0788
452.663,641.968
87.0841,688.226
415.003,65.7538
679.509,523.709
79.0598,70.938
250.304,293.851
350.422,229.763
531.84,433.006
408.006,199.125
160.75,346.503
143.855,245.518
699.404,726.369
515.038,175.98
416.99,211.107
669.199,218.704
817.225,131.009
252.127,640.592
319.298,846.15
774.651,582.898
597.918,835.673
339.384,592.868
267.126,757.663
718.619,247.176
364.947,713.039
278.101,262.163
135.211,603.637
626.432,383.249
596.733,560.975
556.592,294.447
635.194,350.986
158.946,217.82
738.402,820.626
81.2092,659.389
591.512,823.541
308.209,153.875
309.406,87.8095
417.475,533.185
264.182,748.806
783.692,459.2
734.157,776.76
232.262,851.763
544.098,698.327
386.287,675.756
778.491,287.825
435.083,652.011
588.13,658.531
218.419,689.282
729.799,412.518
313.89,389.705
529.193,473.805
190.069,477.596
204.532,88.8818
637.322,292.805
645.673,393.617
623.039,207.841
577.881,46.4891
306.082,622.003
307.151,403.608
850.894,828.579
478.195,603.332
159.014,836.187
790.8,800.445
401.039,826.517
88.4983,440.749
646.431,323.551
807.055,219.32
362.186,688.791
838.048,777.51
764.208,67.8014
536.215,413.637
662.663,854.895
560.807,311.536
642.501,801.94
270.569,584.33
662.721,338.906
699.218,781.05
287.519,690.024
652.939,191.002
591.8,227.34
449.423,768.849
738.563,389.213
752.247,237.865
102.792,441.729
284.271,347.038
563.456,406.315
551.474,52.0445
386.535,356.796
280.338,285.847
153.113,745.274
192.16,325.056
819.062,385.705
476.691,339.05
107.616,831.307
746.744,538.015
586.883,800.361
464.643,641.431
636.761,717.068
623.185,348.039
57.7721,90.5865
590.096,255.013
196.781,181.517
721.616,361.694
284.761,446.655
706.453,834.156
618.017,131.871
391.415,600.978
651.879,179.956
450.074,534.433
536.13,510.796
801.752,165.863
720.248,693.727
820.234,634.594
539.614,817.581
766.894,362.473
188.385,415.905
50.1893,575.048
442.423,169.247
123.121,462.424
195.79,124.748
627.594,412.265
191.43,319.55
105.101,171.691
717.924,546.231
348.898,492.572
759.4,62.8445
562.339,399.831
424.703,677.452
729.155,835.47
539.748,453.58
181.495,575.203
118.456,802.972
283.452,261.617
835.968,712.681
271.241,524.637
830.605,342.265
598.751,633.15
804.582,262.764
744.096,685.289
105.884,778.23
73.6681,59.6628
735.618,288.141
173.804,529.294
225.535,622.57
616.222,140.004
414.451,639.243
222.425,333.576
821.344,59.2643
403.979,325.139
604.747,174.781
636.842,206.401
101.897,131.794
65.3287,164.496
843.916,796.587
157.451,838.065
201.06,445.961
633.714,530.792
336.369,419.032
475.398,427.369
755.604,362.963
215.623,91.2572
522.397,479.23
621.408,188.681
724.506,578.818
288.79,547.675
150.379,374.396
789.218,453.374
832.79,113.868
343.281,339.804
331.898,76.5018
281.595,342.793
511.775,443.359
384.648,638.22
402.19,357.145
228.329,493.662
205.721,333.684
337.371,399.608
729.248,48.5936
677.943,828.434
450.9,53.1591
124.535,381.346
671.512,125.553
481.315,232.187
295.079,327.758
137.958,215.728
195.165,661.61
691.472,246.259
807.51,180.123
463.678,827.839
486.671,840.179
839.527,656.472
577.899,239.793
314.801,505.127
826.478,556.986
264.368,332.935
692.078,259.57
204.727,477.162
431.568,477.323
114.645,755.88
265.793,532.832
472.276,492.011
354.517,247.72
212.757,830.759
287.875,679.023
668.797,836.832
828.226,573.247
350.959,553.156
46.7594,761.035
699.974,623.31
429.206,644.571
707.16,262.734
628.325,843.31
292.324,705.187
808.483,312.288
107.143,201.96
824.869,198.943
637.873,141.049
796.181,519.411
780.94,588.472
737.825,336.533
673.026,814.655
146.894,489.317
187.375,754.962
677.092,850.984
333.02,714.747
243.506,276.034
565.056,463.777
377.901,807.437
85.8435,227.822
456.699,761.181
50.6831,695.613
519.583,72.3219
729.448,105.802
263.795,272.744
426.452,415.614
473.232,464.484
148.671,424.13
464.731,547.19
130.339,246.286
576.219,547.192
648.025,498.212
197.381,823.906
845.371,538.91
494.388,154.949
289.831,211.981
207.133,415.357
631.417,202.172
464.358,499.135
303.351,163.506
107.676,97.2951
840.683,142.054
535.785,189.402
808.678,277.898
286.947,122.349
679.589,457.412
157.193,512.193
413.477,473.144
814.046,826.573
137.654,216.507
672.301,476.852
165.671,648.925
199.255,780.595
120.382,177.485
288.768,447.851
96.0663,76.9119
834.562,598.473
214.296,303.661
774.962,636.653
112.532,687.99
752.854,286.016
568.342,156.33
505.826,675.625
740.628,486.504
592.809,825.523
145.729,444.219
156.618,83.0229
76.7002,107.294
503.305,845.937
441.54,693.197
310.728,361.834
426.698,651.129
662.224,63.8377
497.283,701.859
105.931,494.818
531.571,274.62
677.003,442.062
441.322,593.579
734.192,371.287
808.667,482.611
478.704,388.586
569.728,235.699
482.128,376.081
778.664,376.817
702.036,400.47
772.095,844.885
288.773,425.262
764.3,391.94
785.312,706.767
794.838,677.463
70.7406,608.504
508.401,548.292
205.592,260.846
177.93,548.719
506.03,127.793
852.831,833.653
532.199,141.849
111.111,754.268
587.028,547.349
496.944,365.916
655.388,462.163
770.129,829.986
263.806,579.478
780.284,62.3249
260.41,682.515
336.096,670.045
501.514,101.917
333.586,130.229
276.373,121.631
496.634,649.194
706.552,242.848
653.529,505.149
795.772,199.659
168.542,539.803
626.443,549.431
734.884,569.853
649.783,762.75
716.549,350.179
583.067,52.4448
330.457,372.089
232.588,742.308
407.489,235.824
341.504,506.89
511.399,337.185
330.225,685.174
209.253,335.554
261.908,312.004
511.132,500.707
113.615,720.762
50.2482,263.121
285.102,77.5581
352.405,407.823
684.744,412.575
743.127,639.189
329.709,70.771
548.12,65.3826
341.622,198.039
209.652,235.187
496.969,312.287
93.8608,781.715
97.8528,658.379
355.328,386.443
617.263,620.624
244.374,768.947
838.068,588.871
363.619,598.701
441.237,249.942
406.043,755.973
590.428,724.022
773.848,677.555
464.076,799.183
373.046,777.701
760.709,233.257
823.157,329.984
183.528,217.878
156.76,550.517
495.734,547.703
241.226,710.536
441.136,619.249
424.995,396.146
366.978,852.555
691.527,336.319
258.777,610.438
344.502,661.287
762.302,192.793
68.1986,448.865
128.676,712.99
692.903,248.89
112.466,243.489
412.9,794.809
815.151,662.326
336.9,375.308
302.066,187.308
190.264,331.328
679.72,135.109
431.194,409.707
553.782,270.126
571.686,85.4973
298.383,69.5805
283.083,285.28
130.368,505.744
818.535,261.993
350.808,493.496
780.63,652.635
453.355,86.0899
257.113,680.569
414.296,601.482
232.698,613.629
503.547,834.535
45.7421,232.139
203.605,396.976
111.304,802.575
704.575,380.099
151.959,413.579
65.6217,723.092
702.143,531.351
100.296,760.063
816.361,197.883
133.311,218.173
121.437,512.573
528.645,614.751
272.077,692.426
499.026,302.864
398.768,367.398
623.39,630.34
763.533,842.477
320.119,608.654
81.4553,193.677
410.842,256.164
378.765,338.229
349.813,382.918
379.16,409.39
313.244,532.972
197.802,691.476
634.967,287.523
260.37,505.929
410.402,651.982
410.363,536.649
302.646,788.113
830.902,476.214
531.72,338.341
693.423,396.841
693.763,523.958
494.987,101.44
483.606,732.107
678.474,241.186
734.554,82.8626
504.399,525.515
490.04,851.768
650.147,556.395
848.599,94.1348
693.371,730.493
273.668,829.178
191.628,520.416
119.749,277.703
750.133,571.701
295.951,75.0097
304.664,318.542
793.032,171.441
721.545,277.581
284.035,424.197
598.11,680.404
429.975,356.461
54.3849,699.783
831.536,638.838
848.156,587.043
281.778,739.171
514.062,843.292
838.146,58.2813
318.122,752.625
815.513,487.915
48.0878,430.723
646.045,694.157
162.345,90.4377
563.891,825.905
666.378,225.758
427.516,777.574
538.103,552.837
821.291,510.301
458.5,307.784
835.51,100.436
417.986,700.473
61.3106,383.311
135.169,798.161
658.221,722.668
194.137,411.835
579.169,241.181
76.1082,553.5
656.344,687.901
219.895,651.58
845.768,236.455
178.015,663.2
833.659,677.388
792.817,46.3856
576.751,706.113
433.599,494.667
751.467,813.717
375.748,471.418
519.273,431.532
366.018,581.22
262.848,121.75
610.235,147.715
297.583,580.505
197.276,478.679
517.807,71.6153
669.736,639.377
397.205,607.376
594.307,806.11
261.001,200.937
767.779,477.106
418.199,424.626
423.645,188.84
480.056,501.49
165.23,598.616
731.64,777.417
373.288,462.807
148.287,194.507
112.879,205.532
563.979,773.299
238.406,848.805
769.747,598.439
408.048,248.477
816.337,261.22
250.445,283.18
251.852,407.778
834.271,393.969
593.551,190.688
229.883,156.441
443.081,79.8996
293.383,319.853
488.09,318.139
426.66,622.355
331.931,161.339
327.653,709.073
198.951,57.1465
816.296,168.399
539.248,618.592
59.7702,327.86
156.788,370.23
553.38,417.996
831.395,230.591
846.784,575.705
136.15,420.262
704.185,315.112
695.106,454.162
508.9,736.632
469.249,514.501
742.789,49.5906
638.254,709.55
447.048,577.604
109.021,419.402
70.8111,109.568
55.8278,843.71
295.357,417.22
672.84,523.599
324.663,777.693
553.603,621.641
558.646,586.304
764.502,411.898
54.2795,727.048
464.8,775.341
177.467,229.823
522.63,287.591
196.425,582.976
404.008,815.976
119.072,359.335
383.742,372.781
743.075,764.247
339.276,364.113
181.986,730.704
697.152,556.883
149.563,515.486
248.265,625.045
349.014,350.968
63.1028,204.292
337.376,488.463
818.321,746.178
841.883,599.182
671.973,45.7625
462.871,68.6266
178.653,90.2457
746.474,483.961
386.926,491.365
373.498,493.2
841.251,590.043
276.324,171
61.8485,723.411
548.661,309.569
468.772,647.64
253.823,214.007
726.06,792.637
227.125,387.695
70.2155,96.7428
296.154,69.9124
517.04,381.392
602.051,606.149
493.19,305.296
245.696,390.012
464.078,428.853
210.955,413.069
357.414,482.357
151.233,384.738
245.038,822.069
719.075,122.068
848.324,334.074
843.443,49.3058
390.845,838.743
326.311,352.657
633.461,248.426
370.575,683.595
109.207,690.856
681.492,765.313
563.962,390.94
55.4962,47.7423
569.052,715.981
852.789,109.432
634.354,151.085
627.899,695.2
576.756,762.282
699.654,565.418
825.017,556.799
215.889,404.471
661.477,484.217
586.648,86.8434
300.081,662.64
367.127,489.754
53.8944,654.358
820.634,647.534
554.645,589.746
747.441,92.174
571.889,249.171
114.82,213.54
371.913,329.206
638.412,450.506
468.938,180.289
192.729,474.59
665.022,347.292
327.569,108.782
214.257,296.232
169.089,132.547
845.087,551.611
228.212,581.073
740.295,745.477
661.767,200.919
147.655,171.542
97.563,60.9233
207.055,76.6307
770.124,457.709
551.575,58.2945
228.449,447.48
176.538,480.405
583.611,608.097
450.294,75.6681
384.68,241.699
774.095,624.352
172.137,825.922
301.697,806.888
143.997,49.8832
470.907,416.575
720.26,500.758
566.73,843.555
82.7332,738.292
215.088,768.262
579.177,333.572
243.937,638.565
694.951,77.6286
530.842,232.448
652.965,628.734
777.574,186.246
510.879,583.927
442.313,192.61
349.376,429.186
296.052,279.612
773.259,731.599
82.2578,328.493
606.754,323.476
489.557,419.192
568.229,249.315
631.83,602.113
229.287,381.033
614.882,619.697
849.274,227.073
724.117,353.901
569.444,253.759
597.292,74.4523
398.468,752.736
242.674,819.7
315.283,689.35
470.269,579.809
281.001,743.165
481.221,627.523
620.478,596.695
740.566,369.016
516.049,628.244
685.836,498.617
651.599,691.604
208.355,595.76
785.429,193.466
346.891,469.776
453.013,46.9745
730.647,75.8737
703.015,176.241
160.033,328.183
839.489,376.278
486.603,361.765
373.979,100.364
688.574,835.551
435.766,657.603
591.193,310.974
815.137,428.403
674.82,843.889
371.713,800.308
497.971,45.1719
521.185,777.26
712.819,423.533
460.123,415.145
700.582,66.2947
242.709,436.129
284.017,193.296
378.64,527.118
225.783,539.432
553.014,121.162
582.718,473.914
807.729,605.649
848.579,557.981
79.9119,257.4
193.391,357.073
130.987,579.321
51.4026,454.666
489.74,494.077
412.989,447.722
288.277,841.319
547.528,395.377
215.954,795.325
395.916,325.01
592.463,646.64
268.257,255.298
506.933,264.27
282.928,714.817
107.032,721.875
369.393,331.884
110.751,690.828
373.363,450.833
465.53,688.102
434.167,237.956
286.506,97.3489
799.988,186.813
772.78,714.284
216.362,283.219
575.767,837.029
189.326,97.004
343.623,343.681
333.959,519.208
73.5981,824.488
484.768,465.454
608.841,818.849
359.755,105.203
56.8581,372.804
313.15,474.361
440.333,371.787
342.135,835.349
517.225,639.856
127.997,371.167
483.991,124.089
241.703,384.733
502.537,740.494
358.689,429.304
113.443,116.002
736.007,722.318
440.463,853.58
130.309,787.616
838.467,673.327
809.773,563.186
691.324,755.667
850.349,666.174
259.023,576.242
493.519,755.089
59.3587,506.972
367.883,185.255
852.375,561.686
668.489,713.411
229.352,844.677
381.138,230.193
251.176,76.221
342.286,112.569
488.645,118.826
787.62,159.178
657.082,716.235
130.9,594.747
86.8022,711.836
718.005,353.048
764.777,355.799
66.3811,760.986
721.038,691.615
504.611,109.75
592.143,408.708
158.513,46.86
696.754,475.71
578.865,833.678
548.003,512.51
166.601,402.055
611.004,387.311
522.771,721.221
398.137,103.212
635.784,706.907
364.341,192.822
147.438,223.324
284.731,616.159
225.881,652.32
546.252,85.2117
107.334,757.882
598.753,132.996
410.063,59.7202
671.413,676.8
700.753,374.383
593.05,848.159
626.33,751.17
602.899,531.595
404.011,615.881
695.878,785.181
608.086,413.762
359.586,193.858
393.258,665.964
339.686,497.111
806.089,679.813
756.917,555.896
538.252,706.174
686.032,293.855
677.806,787.584
602.732,833.316
714.49,664.021
491.366,255.18
118.679,457.985
114.207,445.859
817.764,64.6841
356.892,822.369
486.046,824.932
273.462,587.963
854.333,340.215
835.409,649.847
274.714,355.611
326.99,615.738
711.687,812.058
342.352,444.992
618.99,83.5721
795.115,132.304
248.652,780.005
520.735,756.923
95.1362,554.839
513.462,146.601
628.524,160.615
646.798,792.99
480.881,46.0965
524.893,560.983
83.9749,112.766
48.6127,642.682
118.264,61.2478
247.376,333.408
184.72,564.022
710.371,624.879
787.762,54.5992
137.048,600.668
694.762,556.228
777.709,830.468
688.955,247.354
581.488,454.162
437.815,816.171
226.39,260.886
345.12,793.617
553.382,75.1653
275.198,163.483
689.38,122.23
384.503,550.902
150.663,841.832
82.9905,742.637
102.096,737.789
117.285,621.661
498.591,704.243
310.803,140.173
843.495,467.294
422.228,538.861
308.096,216.912
335.397,482.926
552.204,178.577
262.197,401.052
410.259,608.546
550.644,136.753
725.334,88.2792
846.335,208.827
289.881,724.386
119.569,348.318
200.646,633.939
720.488,589.915
226.219,159.077
272.415,418.254
649.459,603.957
692.189,464.994
292.525,111.482
100.273,727.85
723.632,699.93
660.007,824.675
131.504,380.971
96.4823,845.553
532.773,392.998
74.5674,439.611
605.54,322.18
323.06,622.635
763.024,308.35
702.236,231.65
631.214,156.243
826.572,783.108
787.511,329.702
126.251,161.894
491.757,131.557
189.477,586.256
479.114,673.764
205.192,627.613
503.035,502.723
192.749,161.317
240.774,590.98
612.645,278.064
239.351,783.575
689.053,146.285
632.202,292.991
778.454,460.025
205.8,747.5
820.597,531.688
227.191,105.69
666.628,74.0042
456.641,373.948
633.212,595.704
510.105,412.759
265.347,75.1463
152.034,87.4494
79.0791,546.949
501.363,256.736
274.927,836.087
829.99,226.741
142.37,469.316
841.243,395.003
442.191,581.891
302.517,803.867
647.13,646.041
572.75,780.833
787.101,259.29
120.907,305.881
538.595,365.52
792.202,277.266
819.16,687.131
436.822,614.693
818.283,158.716
236.393,374.757
289.559,512.789
366.921,510.731
297.11,556.086
851.472,468.285
180.216,353.31
117.275,626.652
101.765,322
151.783,179.576
175.745,86.8528
770.499,251.872
286.404,203.604
461.756,820.181
464.354,460.237
515.826,709.797
842.921,754.702
191.958,160.819
45.7754,826.675
509.876,238.634
298.276,57.9589
380.262,90.0455
329.213,846.991
130.327,231.577
847.269,815.344
584.707,626.074
349.095,567.39
77.3228,533.699
380.558,573.313
636.966,504.293
832.436,265.775
764.942,472.578
447.688,522.858
199.599,499.302
429.67,461.237
798.761,440.498
167.594,637.166
786.175,523.613
192.332,79.4018
61.9417,736.077
290.278,238.956
261.86,667.669
465.211,532.053
692.373,347.243
529.102,573.061
125.511,663.358
792.14,824.091
752.212,707.825
432.964,439.122
397.579,626.173
656.115,594.109
312.557,532.095
224.673,743.076
413.261,717.574
361.873,365.008
522.11,535.864
785.935,198.093
238.934,248.979
49.2642,452.661
263.002,852.02
618.288,518.053
594.625,826.681
216.92,694.792
656.747,705.026
812.16,615.544
468.89,493.653
88.935,463.958
446.521,634.308
786.833,562.471
261.581,716.308
687.043,706.879
588.664,481.011
683.139,301.265
157.369,302.324
540.984,449.218
275.675,852.81
309.481,778.431
510.911,315.891
675.154,604.944
79.3777,822.677
305.61,379.216
352.475,372.169
649.939,376.535
337.845,494.818
355.43,365.687
329.083,835.334
841.863,93.3349
839.717,398.155
636.445,649.394
200.929,123.793
797.207,739.521
637.928,405.998
733.957,345.444
108.904,192.853
266.292,380.435
482.89,740.234
103.739,779.674
69.2222,324.347
450.259,744.222
145.419,118.96
546.555,826.174
842.104,174.839
52.4741,270.025
279.924,709.962
341.635,474.591
834.967,783.773
738.732,175.594
253.173,404.969
821.144,246.992
241.727,271.137
526.639,425.847
191.407,294.507
396.135,788.37
308.655,388.375
59.4253,731.278
615.216,181.068
144.849,685.738
483.933,664.953
732.784,815.42
535.845,84.117
255.464,621.945
52.5623,739.19
682.342,220.527
338.859,446.95
193.712,358.807
703.638,417.824
330.989,541.003
728.964,496.146
423.286,518.098
174.788,104.317
690.671,647.065
63.4769,410.294
567.085,696.507
342.009,61.4948
424.693,691.33
235.137,425.561
783.217,355.668
227.807,600.389
155.979,141.193
642.502,339.721
175.624,390.327
705.248,723.772
253.255,220.912
741.413,717.311
47.8173,118.677
142.013,362.339
291.108,729.8
805.747,853.267
283.175,707.656
601.297,169.329
310.164,110.562
179.333,309.262
197.026,766.519
296.542,792.327
816.893,165.956
69.6251,612.942
776.837,64.5009
806.279,627.545
390.78,632.246
538.922,199.435
651.518,568.99
90.3488,439.573
503.839,216.359
83.5631,143.556
668.564,425.612
435.28,515.333
834.282,521.144
702.658,91.6225
812.762,729.724
559.377,125.35
239.116,466.374
194.544,193.146
447.216,477.458
455.485,629.211
612.444,749.974
708.531,590.257
511.075,246.514
715.309,311.298
429.638,708.039
276.533,363.829
201.257,565.354
184.488,799.356
376.196,301.966
643.022,462.226
365.97,226.781
95.1352,738.977
727.272,641.555
850.182,576.299
73.6983,806.858
633.843,92.0561
343.484,271.091
188.787,488.873
691.4,842.273
777.703,797.942
364.106,487.018
648.612,689.979
707.596,678.747
731.021,453.333
839.38,648.48
404.997,64.6336
555.559,552.928
246.826,62.1098
199.894,717.575
71.8377,49.7758
159.14,463.262
399.751,738.991
673.386,364.17
374.803,825.21
427.732,607.508
331.99,279.455
72.7927,353.087
84.5345,482.317
381.049,331.426
578.474,768.819
574.54,736.365
403.202,642.154
438.659,652.919
482.516,820.181
288.605,538.899
764.342,159.4
552.208,243.158
392.956,469.673
362.266,604.05
700.449,300.48
65.5393,542.187
127.167,300.803
479.607,575.208
621.297,591.648
741.393,557.947
378.752,468.594
835.112,235.521
55.4679,736.915
167.572,819.464
620.469,251.607
524.774,104.728
650.643,582.352
252.806,121.709
312.216,87.9125
641.775,124.103
434.933,74.3349
365.239,298.217
227.718,508.618
123.006,379.308
472.031,618.804
590.946,796.913
557.046,78.6434
153.287,332.722
379.427,163.432
445.201,783.268
189.834,156.224
227.744,689.039
843.326,252.912
387.508,383.532
543.167,225.063
62.5659,328.164
314.01,786.762
746.761,251.254
302.078,209.482
574.645,645.477
738.477,334.778
613.165,734.686
649.611,608.812
296.51,558.194
826.022,187.98
209.876,182.668
834.824,714.66
166.797,716.499
129.04,430.888
747.872,79.8679
150.67,477.857
673.407,782.058
836.437,435.008
686.278,85.1337
441.121,425.879
215.583,672.788
543.855,480.696
189.156,409.282
765.053,800.607
54.3021,207.663
404.659,156.684
585.906,471.108
629.966,839.56
59.1959,515.062
530.293,170.9
77.9889,528.211
665.348,181.411
209.95,759.92
49.5702,321.957
548.63,421.616
646.043,811.324
656.65,492.782
197.773,748.893
734.021,552.146
48.7253,199.851
620.503,323.75
829.072,239.142
677.172,470.185
753.025,335.581
84.1723,804.731
722.768,143.649
838.865,758.614
622.84,263.104
197.183,161.12
294.926,160.232
305.646,518.819
339.021,851.972
57.5716,742.091
762.407,114.754
48.0098,201.383
119.932,669.011
227.019,830.157
211.583,551.853
113.103,87.0292
158.721,852.598
191.62,643.052
117.998,264.343
729.526,332.475
424.238,202.144
495.677,506.099
724.738,353.982
513.763,145.323
752.496,767.17
158.199,843.968
399.92,303.434
125.759,381.915
736.852,813.168
238.887,847.738
305.749,744.315
797.5,625.324
388.051,99.3572
256.603,826.618
104.189,450.261
615.223,545.123
296.109,204.111
734.263,591.554
665.552,487.738
287.4,635.597
446.96,531.986
128.6,215.136
477.103,367.675
772.987,602.826
604.611,685.238
366.077,54.5808
363.97,375.47
836.43,352.193
824.669,832.956
183.032,453.302
115.105,66.6932
676.599,113.621
465.387,561.64
213.412,559.526
158.628,731.235
267.535,263.383
769.198,56.1383
842.232,184.38
752.136,766.765
648.842,742.683
807.009,80.2225
309.348,768.698
355.013,756.203
584.435,488.078
106.119,617.088
456.084,688.599
394.959,544.994
549.891,347.01
373.969,479.527
845.012,643.761
651.354,142.298
451.503,538.06
423.507,379.168
834.832,335.953
101.267,508.268
458.672,218.029
609.599,664.662
690.704,72.4677
149.197,582.769
778.947,515.996
640.211,420.87
766.611,280.547
666.021,725.634
848.277,415.655
694.262,189.931
220.208,154.663
731.166,427.653
763.776,405.201
687.317,252.312
65.3338,260.086
365.058,430.121
49.8857,381.228
694.712,197.299
433.39,746.203
337.063,712.786
809.516,539.226
736.939,752.196
757.672,313.182
63.0079,746.353
773.692,685.697
653.935,568.642
736.09,185.309
820.099,809.674
765.96,552.852
831.818,381.234
559.462,716.637
760.064,359.648
379.391,451.44
49.4154,539.097
567.495,457.821
598.509,179.968
738.915,678.171
530.705,324.413
550.957,193.414
236.502,460.71
438.863,494.901
639.071,249.744
194.754,212.825
223.921,157.405
111.949,607.827
563.346,747.621
809.521,761.647
791.531,276.077
161.812,704.099
458.724,505.017
601.999,571.008
735.751,398.749
680.443,485.417
473.791,320.283
57.6703,460.703
747.927,433.378
444.033,838.431
649.651,693.25
718.714,237.389
185.814,426.066
689.216,359.752
391.629,572.762
550.787,522.162
175.031,785.933
679.668,314.081
301.852,570.733
462.853,666.527
683.411,192.006
213.545,281.361
650.986,90.2541
771.74,734.497
784.325,171.387
751.604,704.601
285.993,67.0421
407.096,378.611
610.025,547.351
725.449,714.337
561.539,494.451
785.391,59.4479
637.798,640.997
148.177,341.235
549.595,822.853
852.739,260.342
370.343,257.83
268.223,667.587
366.623,310.531
370.661,50.4548
437.997,726.008
261.394,808.741
678.507,843.188
651.859,254.362
195.145,486.41
63.6145,106.43
559.568,690.795
727.351,81.87
75.1145,710.735
258.062,693.703
758.181,203.441
406.795,754.807
731.444,402.628
536.692,161.108
192.05,733.427
135.218,424.791
769.224,809.54
204.037,107.906
787.598,143.605
700.211,371.822
463.648,342.491
575.389,164.589
135.638,358.072
65.654,560.345
487.646,376.058
344.254,194.683
306.289,548.193
296.619,170.487
444.191,478.126
162.813,323.191
559.847,89.8646
429.816,804.28
848.49,424.062
800.23,492.858
538.065,454.497
148.299,412.019
250.285,656.268
439.314,779.243
707.948,473.9
571.875,721.326
97.8377,218.597
814.753,256.981
848.234,648.207
51.3531,459.044
493.284,638.613
833.283,519.109
260.84,658.165
469.859,646.366
338.535,412.826
456.107,575.664
54.0858,380.593
846.785,759.249
473.053,849.842
754.769,180.82
124.04,434.017
140.745,525.137
102.314,528.111
741.302,686.878
561.888,561.831
104.683,643.005
645.18,710.194
151.429,79.3097
334.055,121.392
410.931,554.771
142.364,584.094
590.327,427.894
715.627,376.63
752.261,661.389
478.134,434.118
574.771,199.247
294.186,112.956
221.69,784.103
372.86,561.385
518.761,93.8526
91.6549,639.368
206.686,403.181
284.372,801.692
720.849,198.226
364.915,664.84
411.097,612.087
444.583,303.808
189.729,50.2991
226.502,838.71
87.2489,672.998
592.355,567.431
193.068,662.119
459.518,512.762
837.451,178.752
170.45,357.074
96.8186,688.154
703.156,314.869
152.592,551.354
291.101,269.007
467.075,219.142
390.673,709.612
826.581,812.027
797.465,755.826
532.114,819.628
132.705,360.963
741.429,355.23
291.036,234.017
630.162,64.1022
734.422,423.057
656.817,783.562
65.1868,197.604
119.925,51.8458
692.161,294.686
219.375,758.592
549.793,453.5
246.64,206.338
728.358,307.301
404.987,610.774
812.999,789.079
251.552,552.683
367.464,372.431
185.636,818.356
785.574,299.858
332.655,752.732
476.916,237.858
835.77,847.207
645.821,330.321
165.876,58.5768
45.1149,100.386
802.887,174.269
708.888,485.436
142.254,760.054
134.721,384.187
822.432,501.449
443.352,276.353
449.344,196.689
666.73,633.105
231.668,155.594
165.203,592.507
486.334,287.94
70.7895,777.255
725.335,566.35
120.423,839.26
90.2771,512.563
631.874,854.121
790.939,770.759
47.0365,396.929
192.807,545.838
123.934,127.438
539.664,712.192
299.816,645.62
527.417,424.847
315.081,626.078
219.737,513.576
408.051,374.704
463.241,609.758
125.849,148.188
180.377,206.129
200.093,319.767
499.248,307.982
201.456,608.61
744.907,616.075
178.017,673.186
820.899,672.506
149.856,418.481
64.7022,259.436
421.355,832.247
462.38,538.307
629.502,643.399
744.18,441.287
745.238,143.496
422.718,189.703
779.947,739.46
735.423,207.341
515.181,519.904
377.95,182.251
561.152,119.975
379.64,432.06
603.345,464.22
746.636,204.442
573.992,571.718
635.492,448.463
325.037,58.4132
349.414,466.651
511.642,373.503
631.949,140.147
212.551,320.615
170.936,673.996
196.026,124.588
340.058,52.8937
83.335,818.768
240.75,736.159
229.574,191.578
710.763,385.504
279.183,256.986
714.459,87.9005
336.274,532.636
307.951,327.973
120.846,349.427
730.571,545.285
220.923,226.086
187.349,450.126
589.81,832.073
787.129,414.285
791.08,126.555
615.811,359.185
101.137,351.256
212.381,586.376
618.064,368.97
131.04,747.946
781.813,509.561
365.771,82.1178
179.04,429.335
101.556,652.38
112.028,543.444
794.2,559.756
218.167,348.231
295.048,58.4424
765.527,539.364
187.266,194.793
50.8052,763.399
632.092,89.0452
581.76,448.795
657.192,476.112
257.577,244.731
585.57,647.749
293.195,267.533
272.665,299.169
663.12,778.762
510.512,480.878
238.849,391.734
489.674,263.257
249.029,688.659
197.733,683.409
475.379,492.819
233.229,436.695
849.149,102.144
416.281,238.29
827.18,216.198
341.057,739.01
249.11,427.217
635.307,808.851
689.32,261.312
356.493,254.571
189.133,359.879
51.842,153.19
380.795,187.263
793.601,357.918
512.421,770.796
230.487,455.006
76.9039,527.167
321.41,266.951
184.669,631.595
488.878,771.903
474.76,585.293
831.765,527.831
352.999,780.691
605.833,474.553
281.638,665.238
157.1,342.831
45.4847,85.1645
204.458,131.839
620.292,237.473
722.494,533.408
538.974,367.701
451.635,443.145
541.243,464.248
307.378,58.4638
501.171,712.938
565.91,95.389
487.963,414.067
777.713,194.533
525.551,742.571
328.645,418.248
769.604,234.221
814.159,852.571
463.921,401.446
763.177,814.86
48.2433,438.398
635.336,847.815
601.462,628.984
701.031,124.016
466.161,593.869
339.705,811.48
521.05,485.661
223.066,114.205
419.854,55.5407
681.211,663.242
468.448,57.4423
846.82,318.543
559.559,253.744
773.833,839.225
339.45,87.8884
652.771,143.723
328.727,552.792
759.85,638.145
705.21,328.358
350.182,492.794
545.896,843.153
335.952,81.8326
48.4142,137.587
461.058,687.412
180.733,769.962
419.504,462.569
544.34,91.6402
351.279,720.681
277.927,629.576
238.959,688.553
525.547,743.114
538.865,72.0237
101.691,760.795
239.283,255.603
68.1985,532.566
54.3757,455.273
73.7068,852.106
841.441,625.929
586.761,613.971
517.514,662.79
446.99,480.802
331.791,430.952
285.019,69.7973
111.403,110.047
113.414,343.131
406.286,824.908
506.546,430.352
570.498,612.902
485.667,536.583
604.236,114.1
333.347,164.034
485.807,341.292
522.699,720.194
747.697,54.5162
251.119,261.162
323.878,720.955
590.227,732.505
64.9025,162.778
106.796,539.142
496.561,557.105
168.614,91.8881
470.61,295.823
288.917,493.024
358.68,602.066
92.4681,285.16
68.991,138.022
845.115,420.384
754.048,196.437
420.499,188.148
96.2004,853.984
572.866,541.752
262.05,548.217
253.441,597.102
203.7,464.071
431.383,380.12
340.75,45.3113
565.514,531.981
444.828,144.956
245.133,526.438
228.408,153.679
666.534,307.767
637.901,171.237
194.646,802.351
423.163,209.725
590.066,670.939
702.938,203.949
636.871,366.008
104.468,478.545
720.286,495.282
595.253,125.984
199.177,533.095
480.822,138.774
704.491,663.088
275.631,736.72
833.512,286.09
152.211,396.888
704.157,661.194
61.4524,535.444
706.857,660.094
721.14,347.224
747.456,762.865
504.975,248.391
210.549,518.11
61.965,786.967
287.927,524.221
70.1046,430.995
278.682,341.2
528.803,774.721
318.505,153.655
727.526,803.606
700.176,346.959
412.191,323.554
807.681,140.178
82.2081,635.769
758.998,69.4629
371.152,610.89
395.695,187.39
353.254,764.834
396.471,733.708
713.6,520.86
240.643,853.836
292.071,831.631
114.609,387.272
404.878,420.3
567.348,399.337
604.192,151.63
196.111,709.149
425.002,229.674
242.053,851.718
200.786,496.858
290.787,733.694
129.135,649.816
537.361,701.895
599.859,346.146
518.629,762.257
387.679,97.3811
702.439,379.707
294.966,498.693
107.548,509.636
785.142,802.878
386.76,511.119
49.9764,513.907
439.033,125.177
440.736,599.665
50.6271,206.51
550.245,66.6539
82.651,559.092
588.434,186.531
667.769,382.664
365.678,459.333
770.3,321.724
478.521,291.942
506.22,180.436
329.326,491.52
299.743,706.988
799.568,765.173
660.393,55.9447
809.97,52.9179
202.695,422.287
657.428,401.757
593.492,438.768
232.095,150.629
148.544,379.742
724.777,308.155
466.556,288.001
367.735,46.0295
90.0493,145.188
840.796,714.313
359.68,556.272
373.358,103.894
761.552,746.223
525.19,156.448
242.187,577.033
583.843,572.412
751.627,520.862
57.6624,845.872
838.168,320.169
776.989,792.217
364.662,558.164
837.689,716.642
770.61,217.093
220.693,588.014
701.462,812.502
455.155,835.692
193.297,289.409
723.976,282.348
491.388,393.719
549.62,139.39
420.894,345.117
830.832,594.858
664.831,107.07
785.45,819.647
443.985,696.214
219.555,370.13
324.729,171.363
369.661,783.02
446.728,703.081
736.814,395.567
295.305,753.534
613.221,103.461
782.735,199.586
510.456,160.449
153.369,728.788
192.12,581.974
168.348,56.979
137.54,418.468
406.426,89.4238
261.637,124.47
644.972,128.534
555.084,293.087
362.219,449.173
128.107,409.565
258.81,566.28
45.0382,529.46
199.931,66.7288
80.6026,160.884
161.803,294.999
199.01,586.31
638.445,418.939
292.069,409.053
682.537,370.913
640.252,801.46
163.877,321.103
185.673,97.8516
282.212,635.693
449.056,398.643
431.521,580.321
494.188,649.997
846.135,809.906
611.964,157.12
706.687,418.737
686.571,791.741
224,439.213
560.141,572.885
402.724,758.1
316.092,686.755
448.065,236.921
790.346,609.336
422.505,92.1199
522.913,201.558
468.02,566.22
193.417,719.79
653.028,403.953
52.545,226.317
241.905,324.967
266.869,562.238
818.795,831.525
545.901,768.03
256.852,763.169
188.086,723.664
721.957,718.256
267.681,344.264
514.996,740.876
805.273,471.318
357.158,143.369
762.804,581.095
477.689,347.997
498.836,361.392
740.409,532.951
531.545,853.515
421.401,844.303
62.4422,797.761
410.114,80.9054
153.057,165.676
294.874,388.964
726.427,783.07
318.101,308.884
94.3572,714.945
405.021,438.743
616.741,270.575
229.652,653.004
177.565,259.795
850.716,556.019
231.8,262.144
594.678,84.5217
249.872,452.993
443.179,209.251
590.202,185.117
525.284,706.594
632.31,702.476
607.423,852.32
736.973,352.845
242.571,426.619
237.927,616.06
146.561,260.07
475.681,326.328
349.056,183.432
223.152,554.61
188.613,467.695
483.132,630.773
588.029,441.875
239.454,728.695
536.536,235.593
273.558,682.279
716.675,725.844
455.383,300.065
601.528,322.639
529.561,257.058
190.539,230.608
275.19,309.053
130.779,358.963
188.812,796.96
692.422,560.107
125.34,333.891
278.052,605.073
697.012,650.295
342.073,89.6448
515.079,354.95
738.849,854.746
152.223,390.667
787.035,649.419
495.408,259.728
160.722,697.242
423.368,738.822
392.836,407.317
210.462,807.613
466.028,752.555
213.336,117.684
701.354,590.198
514.494,444.034
521.701,535.576
224.676,485.978
414.838,176.839
164.933,821.816
807.075,214.034
690.601,825.299
155.162,246.764
213.198,366.399
611.746,599.499
598.492,275.286
149.7,463.873
791.078,302.191
115.354,558.392
317.899,554.109
664.086,286.114
392.9,200.575
834.909,657.206
229.938,278.354
635.282,267.749
467.289,685.947
258.951,769.707
819.272,47.9859
142.162,410.359
412.401,122.425
614.821,149.585
426.57,223.336
804.755,551.698
798.066,334.614
736.635,255.886
100.114,675.739
110.446,441.695
605.151,815.635
203.173,616.197
851.97,77.1202
96.8113,541.66
789.702,478.773
444.521,446.524
284.915,779.877
469.045,58.7901
796.322,354.064
657.728,806.57
49.8112,128.355
237.988,592.103
636.02,389.354
354.672,273.184
182.712,58.294
341.022,68.76
212.406,155.391
760.978,583.43
126.689,397.761
491.746,831.149
202.926,624.065
255.411,385.836
707.688,205.216
575.335,458.909
80.203,327.818
712.029,517.762
309.574,799.251
661.928,96.849
121.084,603.317
788.583,588.759
393.597,146.93
505.7,669.69
622.992,389.424
166.365,333.947
263.14,302.404
543.022,731.361
611.807,693.854
504.363,708.209
329.441,160.42
574.325,413.733
792.201,53.4226
347.278,662.72
81.8693,246.959
350.721,750.13
832.514,447.583
331.393,806.276
828.441,399.203
371.381,165.305
522.848,385.827
129.336,774.077
236.658,72.858
124.623,462.227
171.378,770.013
512.65,229.237
352.043,178.862
546.271,672.677
407.616,296.496
595.795,452.052
710.606,61.2806
628.268,96.1693
540.206,607.607
587.954,175.189
531.733,211.202
594.481,468.485
390.484,346.056
511.994,848.17
270.954,531.004
583.022,639.909
426.468,853.932
423.035,244.755
752.178,249.238
663.27,838.986
505.184,116.831
365.694,156.441
149.465,625.393
813.167,55.0025
443.793,237.875
604.982,376.239
617.668,668.512
101.04,443.788
312.861,804.547
299.638,132.697
679.732,411.743
777.866,416.864
783.454,475.992
729.038,789.124
534.946,225.697
231.971,347.438
674.429,45.2947
799.518,166.861
783.184,837.601
579.309,264.366
96.0923,364.935
77.265,601.156
124.38,733.094
666.278,370.868
678.369,475.263
764.403,450.386
772.215,528.766
326.842,221.794
792.024,351.476
364.505,103.482
61.4317,581.422
393.421,562.148
196.726,155.879
305.89,525.214
509.741,472.421
183.756,833.153
643.216,688.009
299.304,795.657
423.675,621.875
613.191,841.308
261.53,470.262
390.55,770.93
538.246,662.101
65.1561,54.8997
410.12,524.961
111.839,130.715
701.362,727.005
816.163,835.476
205.075,693.888
186.532,388.753
117.026,403.773
502.768,715.218
293.96,500.264
799.171,160.635
125.038,674.069
216.558,389.712
407.521,258.449
538.388,703.665
100.523,746.66
47.3902,264.544
214.746,521.645
318.564,175.613
579.793,504.56
605.271,549.15
719.605,486.536
620.872,381.683
458.598,391.959
526.81,478.99
94.6987,573.693
197.445,334.697
431.473,644.556
397.766,278.095
614.718,360.844
245.282,63.1897
642.493,657.942
178.284,308.526
328.07,305.499
713.37,729.807
312.145,76.6818
852.217,738.524
586.899,794.063
710.528,801.282
521.933,317.272
244.971,583.976
198.726,789.452
47.991,572.633
753.141,527.521
283.831,786.191
680.056,206.458
353.292,469.376
662.579,819.516
258.027,450.779
415.193,243.65
844.013,793.166
192.565,774.679
452.956,807.915
378.708,754.26
427.487,303.378
546.272,410.221
445.164,551.102
570.426,636.422
268.358,330.64
378.53,196.079
309.214,190.791
607.13,123.031
331.86,356.987
719.87,479.739
512.609,661.967
277.481,681.369
722.046,620.063
437.663,573.86
53.6512,321.849
754.458,513.705
507.701,461.567
607.958,49.9316
854.995,760.903
428.778,424.593
86.5611,202.743
851.899,73.6795
366.333,740.655
767.969,466.159
445.324,444.89
429.204,529.014
527.618,479.204
562.702,565.097
735.085,535.525
444.968,67.4375
702.01,343.361
491.18,346.954
333.665,842.736
280.255,753.619
566.289,198.358
300.215,504.357
412.5,335.736
663.978,242.79
817.357,45.7252
393.487,617.727
380.222,829.516
792.652,447.088
343.081,658.213
292.436,181.635
646.651,88.4254
322.494,707.687
573.407,209.293
111.238,193.066
701.576,123.436
529.416,745.811
772.341,337.052
188.628,316.074
754.676,268.927
599.28,195.444
568.192,406.028
49.3392,122.655
693.175,526.856
853.805,696.133
751.153,370.14
636.024,653.382
641.27,547.633
463.098,807.16
700.371,346.056
458.492,383.147
169.246,166.343
818.353,118.756
541.486,592.795
138.94,77.8644
829.832,533.425
577.495,334.376
726.418,252.584
615.09,644.778
818.001,724.542
561.352,478.641
63.0368,834.739
574.682,441.72
586.327,213.567
615.715,681.43
532.554,470.031
466.287,89.8412
751.253,229.67
332.449,623.423
737.921,93.3879
556.662,133.486
199.027,853.977
600.775,750.784
534.844,740.721
290.944,370.72
341.391,757.251
258.463,498.652
131.181,203.143
823.333,178.996
843.239,776.223
687.729,825.719
279.235,60.1462
58.9227,761.77
854.081,486.762
453.685,403.454
176.706,524.291
92.8322,744.546
606.313,789.479
347.338,388.355
764.828,367.699
802.083,551.656
279.094,236.619
346.116,580.561
614.561,190.357
364.849,334.941
359.052,533.661
813.298,696.51
49.3665,601.477
218.093,781.434
706.06,145.095
453.869,718.666
726.634,246.255
743.201,179.732
528.526,721.528
321.522,658.986
631.576,397.392
829.33,635.409
504.794,145.556
526.006,461.74
382.131,741.949
53.6159,642.698
79.224,531.811
267.133,511.132
420.41,508.059
175.356,146.402
69.6403,633.755
723.729,245.758
707.923,343.355
717.697,393.347
698.158,594.172
682.143,614.994
472.786,208.83
170.347,525.53
233.178,623.698
810.54,194.671
406.688,186.449
421.805,452.728
185.869,314.265
540.527,773.062
211.776,142.619
781.539,635.552
567.199,787.79
645.227,556.934
660.187,407.501
382.759,81.7768
95.472,701.486
826.526,208.816
241.229,840.215
83.3547,538.731
853.826,126.43
712.914,548.458
406.077,403.545
484.463,754.367
665.076,850.043
208.395,541.561
266.978,338.133
605.19,95.97
723.655,565.494
415.717,55.917
666.811,113.233
625.362,257.087
792.098,266.426
81.7425,846.598
385.207,477.406
382.558,617.804
449.463,761.502
318.391,840.719
427.154,777.289
306.717,437.776
152.804,283.208
53.4411,683.609
229.958,46.9703
541.92,829.277
706.64,351.228
605.854,397.418
118.006,482.709
391.925,288.827
101.539,467.022
707.828,589.416
574.711,478.863
72.9709,266.147
439.545,652.509
639.283,217.709
820.224,848.998
512.232,804.926
432.074,191.549
108.265,263.994
464.282,839.536
68.2366,431.066
399.181,750.639
611.561,180.116
282.839,116.416
135.826,624.769
405.658,560.953
297.998,813.812
488.817,553.001
213.134,464.628
426.359,840.303
136.96,403.2
297.159,278.484
628.507,499.344
110.672,540.266
399.001,598.621
350.519,126.851
482.164,266.372
389.398,837.094
335.634,162.959
636.341,155.738
662.985,622.533
694.556,842.417
164.995,491.845
432.594,227.48
420.017,547.582
606.158,495.389
271.877,799.355
168.381,845.208
70.811,828.127
357.053,829.804
669.146,535.997
265.616,366.029
306.485,660.306
402.098,342.746
756.312,266.548
328.188,544.569
205.649,447.743
656.156,272.241
101.551,835.458
553.952,827.789
65.6318,194.061
313.614,357.196
90.4431,396.849
138.678,83.5672
245.191,66.5855
487.226,331.798
377.991,622.614
854.393,72.1886
518.81,140.182
674.74,132.362
294.6,278.032
682.833,424.209
797.128,483.164
343.558,711.861
407.591,639.313
143.793,675.075
400.499,301.326
405.261,457.239
168.399,815.659
850.581,709.54
848.796,70.9767
723.367,371.845
289.27,575.146
222.204,460.007
609.435,846.572
173.668,748.328
349.798,415.413
725.794,231.148
783.385,194.346
704.61,752.545
469.243,106.305
791.965,148.607
617.272,193.18
82.319,95.5994
288.436,478.294
279.94,282.57
153.013,334.96
757.384,690.729
814.029,292.083
266.358,326.381
152.713,331.52
494.907,333.127
664.33,784.185
651.594,657.798
443.151,823.774
517.074,441.438
784.011,367.604
434.719,722.481
448.104,341.115
165.002,687.296
112.669,121.538
273.443,331.88
452.604,690.728
480.125,591.462
830.118,732.121
366.134,566.2
767.93,836.355
321.535,499.787
595.603,682.536
394.621,433.344
481.436,205.894
798.622,484.544
727.971,796.578
332.218,412.964
221.418,155.409
184.85,332.169
164.247,822.328
78.8053,126.451
104.243,552.968
532.287,119.53
461.733,226.814
335.807,219.776
674.211,318.205
120.783,738.322
803.291,553.066
79.5803,843.413
162.292,404.686
316.059,73.1521
486.897,673.675
314.652,667.703
549.342,706.565
645.678,228.45
631.994,823.91
83.6656,346.193
387.527,655.354
731,427.898
355.752,851.52
142.48,533.527
756.199,829.166
591.146,264.598
314.456,499.969
647.353,424.25
384.226,48.9479
359.304,596.111
581.573,780.77
327.915,659.651
138.952,174.152
505.948,382.686
316.524,274.316
447.029,382.952
181.947,257.451
111.892,135.876
407.338,843.141
593.715,514.085
313.043,325.874
455.95,394.183
127.463,804.581
823.695,461.178
628.564,768.467
509.335,154.004
407.173,780.073
622.683,207.843
163.374,52.1505
555.11,578.774
413.441,739.152
285.4,75.5501
233.613,502.909
467.724,219.143
476.068,174.973
744.334,852.553
180.891,73.5676
227.168,152.567
560.75,805.5
445.974,230.036
571.869,53.7249
802.2,306.437
579.499,468.868
793.299,446.625
73.6197,621.037
580.831,833.814
743.077,766.484
667.826,407.389
594.818,134.881
651.877,692.829
710.556,616.905
817.097,817.048
109.683,681.183
225.665,280.181
149.276,787.335
109.862,574.474
804.694,479.121
833.389,498.569
807.367,773.441
643.43,402.696
544.253,518.805
759.897,442.024
834.364,724.654
636.929,446.09
123.942,584.488
392.079,650.637
151.632,354.498
428.132,650.642
686.739,521.626
533.31,654.38
174.828,385.868
53.6738,852.914
803.51,260.173
178.93,464.89
494.024,303.717
355.34,813.067
672.567,65.5402
717.821,623.454
852.895,536.154
414.597,409.449
705.962,695.587
55.7773,496.559
245.143,760.409
663.922,408.463
819.421,154.074
386.143,684.86
353.86,607.488
560.208,110.932
50.7365,557.154
271.558,273.6
581.88,662.658
325.543,586.172
382.541,96.774
617.137,416.863
776.304,585.61
485.172,74.3634
66.9157,71.6373
185.156,251.132
419.545,681.87
190.512,579.69
643.023,229.552
230.73,101.132
606.104,242.483
753.793,809.15
225.19,318.104
366.38,748.411
771.785,575.123
534.509,220.309
586.858,804.631
720.853,252.493
599.019,187.104
428.713,527.756
715.888,294.996
609.166,115.432
252.212,751.667
80.5,392.677
695.644,629.949
471.931,655.29
418.182,74.4806
564.349,835.338
613.35,228.19
378.237,549.849
271.475,833.708
161.065,646.589
636.496,598.384
398.652,206.851
762.425,838.575
667.218,232.06
265.895,852.26
609.896,827.629
424.833,221.893
412.587,479.932
75.3406,310.802
71.9614,571.028
608.212,737.108
690.075,420.265
615.234,215.579
446.331,373.444
593.714,395.247
847.168,430.535
639.905,671.649
835.438,825.4
846.486,348.728
543.43,483.129
306.747,179.533
819.161,261.311
52.2848,195.287
294.565,408.235
411.976,165.752
103.604,122.443
45.8079,417.149
660.487,296.683
492.038,241.127
144.579,84.7446
356.304,276.466
621.943,239.593
50.0278,802.961
809.85,131.244
279.382,653.595
808.506,825.146
724.397,834.168
684.777,111.954
824.776,578.473
727.49,540.569
655.277,603.522
69.6919,485.676
380.878,318.309
363.081,437.467
727.359,113.556
72.1015,187.192
504.366,80.8351
514.809,184.361
474.273,308.924
275.338,347.385
760.093,568.068
763.255,708.301
422.608,505.029
661.212,580.251
649.727,204.269
406.034,285.872
835.925,195.662
121.591,64.6256
552.94,329.499
104.584,435.572
82.7989,76.5576
799.094,498.668
382.807,619.268
64.909,738.856
631.266,452.522
402.513,576.75
772.991,408.727
300.894,483.681
832.777,666.974
347.264,448.974
789.629,392.668
348.28,363.038
49.115,100.956
523.077,249.869
271.793,478.509
351.332,283.595
50.401,726.703
393.944,255.244
362.04,749.784
194.069,616.404
730.482,846.988
57.5449,60.6901
61.7233,227.919
211.713,362.014
92.5081,303.441
179.642,598.201
346.506,780.286
654.315,434.514
372.6,613.148
598.18,388.343
823.785,696.823
415.657,88.4172
520.145,482.432
187.278,161.575
649.909,572.105
590.023,555.044
124.343,356.474
733.713,753.667
207.225,790.604
151.549,838.026
369.453,550.074
237.742,379.363
521.976,491.008
761.52,445.628
711.088,737.091
734.594,758.677
518.864,483.333
93.1185,847.778
790.783,733.739
825.514,307.508
449.546,241.502
212.467,216.595
488.669,234.966
63.9836,497.577
820.007,484.19
645.02,533.083
767.896,252.318
425.16,523.39
405.096,148.633
472.163,157.534
751.721,428.596
252.724,648.325
294.375,837.342
370.257,293.171
697.961,148.992
539.722,275.452
482.809,641.093
113.754,544.479
719.94,261.908
438.188,777.991
155.23,309.486
413.501,781.306
191.873,532.905
460.512,384.89
420.935,631.414
388.332,168.792
126.783,382.431
119.786,670.279
52.7881,706.026
286.47,263.597
700.05,53.447
551.835,497.151
207.041,611.746
527.611,247.976
667.031,210.78
745.574,803.371
584.755,205.572
372.161,103.612
51.0638,512.104
687.647,640.512
96.5229,614.136
293.458,103.912
742.918,697.276
830.89,599.538
727.281,215.189
141.92,726.334
453.136,319.892
630.204,172.773
780.978,493.525
368.673,262.063
488.637,257.968
657.379,302.674
279.362,54.4999
729.715,292.204
514.741,503.448
830.415,498.123
564.107,277.345
854.242,149.844
825.846,467.579
767.843,786.697
302.78,255.588
316.966,824.8
147.882,732.671
818.863,125.657
486.924,455.028
430.132,616.091
808.581,56.0652
513.132,92.1393
699.329,765.876
603.991,358.339
262.467,784.987
108.618,552.638
653.062,446.476
478.259,232.095
289.917,793.945
478.918,409.403
101.749,158.059
527.939,351.667
485.536,759.332
304.575,51.9537
650.301,499.017
76.5125,548.975
178.335,218.605
381.978,211.811
620.283,635.689
173.994,436.622
160.458,720.027
501.721,119.966
401.473,604.976
452.661,614.467
192.993,257.82
793.123,745.096
182.292,834.936
692.388,730.911
750.864,610.247
836.38,619.196
586.216,161.469
65.766,350.294
181.797,223.913
522.967,842.992
619.689,47.4792
340.276,670.455
485.369,276.39
342.885,471.651
151.355,673.615
734.199,277.96
582.007,175.668
784.253,379.473
772.182,333.609
242.01,421.281
448.886,500.812
823.983,170.732
249.728,197.885
101.115,842.253
606.547,200.589
809.524,721.451
615.45,692.93
478.839,454.891
88.0178,661.609
268.746,377.69
256.022,239.626
610.881,722.22
654.651,811.067
623.046,271.813
614.387,130.289
553.85,790.481
668.508,788.849
403.983,227.738
313.275,614.214
215.687,68.4605
781.315,73.3148
73.3316,756.521
734.801,61.8767
709.213,285.703
841.997,690.392
770.638,594.151
362.052,142.293
459.875,146.193
255.724,290.911
556.607,212.027
177.862,549.048
680.599,299.826
397.582,319.982
51.2634,817.735
403.058,590.935
724.887,185.558
629.599,473.931
629.165,251.302
567.787,179.062
256.392,595.519
380.772,762.224
178.813,192.321
832.841,692.063
677.84,278.5
693.133,343.265
431.157,147.677
380.186,830.792
258.968,100.395
695.757,211.608
235.569,117.384
118.701,58.0291
526.714,535.199
208.002,215.019
346.195,309.357
617.902,184.055
386.378,530.07
666.441,591.789
819.951,755.417
733.096,346.295
741.62,69.3892
227.503,386.852
250.843,96.8296
245.074,429.939
311.598,363.48
449.311,135.893
701.355,188.874
363.885,625.44
521.956,311.398
473.498,387.389
122.311,389.089
841.272,347.399
526.605,65.5802
177.796,163.88
414.53,107.392
845.405,109.664
735.999,474.536
797.428,94.8967
565.198,611.353
119.052,149.647
191.268,621.546
720.874,629.739
330.521,838.891
755.793,677.045
829.07,145.779
791.863,676.96
766.351,797.914
218.109,629.352
765.136,375.34
606.548,567.052
591.899,774.583
193.938,694.477
673.926,413.471
411.154,828.383
454.308,387.063
134.044,141.311
235.459,359.477
396.81,572.354
176.667,330.104
114.395,806.958
185.845,466.108
379.288,178.908
596.719,738.241
490.566,96.8653
586.224,61.9181
235.602,242.214
840.729,729.617
755.545,55.5072
444.591,123.571
284.217,654.532
65.2593,370.472
160.011,69.7833
581.481,631.023
492.915,282.945
623.439,200.555
791.053,591.726
310.493,187.519
772.937,140.397
854.979,569.48
193.088,198.523
653.88,230.004
132.018,765.73
793.178,422.675
608.419,659.496
718.551,324.173
64.6151,385.492
833.282,411.355
159.714,167.417
265.646,780.925
286.767,129.272
665.331,420.515
418.257,325.526
820.064,528.244
744.31,595.305
684.378,147.521
751.235,756.497
198.388,140.803
815.56,383.902
630.856,620.337
370.183,630.995
147.31,674.093
566.597,704.009
521.776,797.735
415.434,234.116
724.069,482.491
166.607,57.9259
309.004,360.932
238.913,509.232
810.573,828.512
258.481,543.77
100.394,406.95
579.616,777.844
139.187,588.209
288.586,830.82
655.791,209.498
823.887,394.349
283.829,457.808
123.085,500.058
600.299,816.164
632.451,523.878
258.649,703.2
266.588,562.425
363.484,661.582
159.163,131.577
260.965,764.164
241.319,628.676
565.163,406.16
251.525,777.397
153.627,149.555
460.722,120.445
550.984,262.481
730.413,662.722
284.478,619.77
460.579,547.447
834.923,645.742
268.635,759.19
362.677,190.163
830.504,272.102
835.956,659.356
165.721,547.528
83.0567,425.419
791.931,517.791
528.77,150.385
563.75,848.518
568.634,571.489
108.79,306.578
767.908,92.6546
485.195,336.135
735.974,847.085
786.907,618.407
467.377,130.9
321.381,400.458
315.163,546.259
774.559,716.246
295.25,127.952
765.412,400.059
305.374,392.419
83.6139,447.464
149.248,94.0881
281.371,82.3237
482.753,355.282
151.659,82.7542
367.506,88.3708
395.671,668.973
837.745,695.338
115.716,829.626
358.286,542.992
351.753,794.427
186.948,588.387
488.641,75.9591
395.336,406.943
558.821,202.007
489.224,254.28
789.379,772.958
501.855,830.569
459.904,745.221
521.111,674.572
783.72,357.28
535.793,468.841
619.163,301.814
54.25,522.458
247.332,296.69
705.897,364.85
273.196,125.122
820.06,131.421
290.244,595.496
649.74,179.358
339.6,749.439
522.79,351.911
240.567,155.194
389.104,599.24
267.669,365.953
576.956,290.563
515.21,70.0306
699.211,681.847
821.057,121.3
139.556,285.068
598.758,463.731
764.628,848.975
478.373,374.738
241.213,434.453
635.967,105.39
242.342,308.376
290.07,262.968
468.472,515.442
187.321,517.538
168.475,386.991
212.263,258.74
686.341,768.924
409.005,838.845
743.728,141.605
746.639,509.712
674.292,244.858
392.685,693.652
846.932,814.839
399.437,550.905
510.886,727.154
698.303,404.941
573.532,810.854
277.322,401.276
291.717,468.182
745.839,776.253
394.783,720.952
525.693,623.498
83.7917,175.512
184.377,72.8193
116.912,470.822
847.75,803.589
644.174,400.245
806.998,99.0945
670.26,450.4
706.534,600.267
315.361,260.213
396.765,222.093
433.968,590.613
104.313,143.808
202.004,190.383
827.189,130.086
135.975,192.906
718.167,515.613
712.549,266.332
471.482,794.948
363.545,745.941
192.23,646.33
181.92,331.554
313.935,462.831
539.622,174.171
115.877,409.022
414.949,220.541
785.865,161.243
184.02,833.983
433.993,774.002
192.698,732.961
825.813,231.053
569.185,291.553
423.583,789.217
76.7092,431.005
746.413,188.809
207.988,854.243
730.958,174.158
104.724,404.041
445.574,602.806
787.742,779.143
320.065,351.634
766.417,248.797
782.978,188.162
464.182,84.5074
709.772,131.877
722.596,739.912
321.815,371.027
764.695,634.561
815.502,750.099
470.664,302.857
847.269,661.479
208.321,84.0815
259.308,780.48
480.437,380.464
459.442,522.829
88.677,585.139
166.26,185.289
590.658,564.148
139.867,638.466
130.301,671.669
751.143,125.845
821.461,269.908
656.668,283.155
854.97,633.475
119.994,706.44
273.054,587.45
387.609,106.327
597.892,155.665
214.061,504.227
217.466,674.263
222.323,698.193
211.244,820.732
654.438,742.075
67.9191,308.489
488.779,307.459
626.425,154.697
49.8059,533.56
196.018,343.861
666.799,338.626
723.048,59.2205
116.108,321.57
555.47,852.066
677.984,842.931
625.234,261.213
479.394,429.558
554.762,712.738
516.901,245.717
495.43,45.9628
123.675,492.882
709.993,205.717
133.556,228.098
745.669,390.051
854.9,361.669
780.309,747.209
232.309,482.474
135.483,853.43
591.917,603.779
329.453,48.4887
64.1435,559.268
638.456,365.776
668.673,755.427
422.565,99.8735
285.842,439.507
809.729,503.666
249.891,364.019
138.054,98.3793
102.781,333.811
267.45,247.765
346.871,615.907
46.9007,143.493
685.312,436.551
196.878,527.484
187.496,111.871
114.905,150.071
577.112,313.984
423.024,93.4437
173.463,469.381
575.243,59.9808
167.083,457.405
635.517,113.995
130.956,400.754
493.855,151.536
323.729,341.779
527.112,668.478
749.392,295.11
460.65,559.063
653.022,749.988
748.21,365.167
736.112,372.56
234.844,248.767
520.246,144.137
794.882,384.089
440.697,796.104
594.956,373.742
836.932,447.364
249.049,152.157
240.702,216.17
186.448,158.12
487.837,389.765
316.486,601.879
114.024,177.313
516.579,228.529
326.367,732.976
299.972,224.281
163.541,504.816
298.191,110.199
354.858,603.395
150.005,253.707
344.307,578.434
491.123,443.667
712.133,787.202
774.294,272.332
294.685,61.4368
597.312,513.467
259.897,822.273
512.133,498.973
68.5979,86.0714
145.302,170.378
111.309,781.506
648.169,346.106
570.747,262.779
60.2193,464.542
767.221,342.499
749.227,654.991
685.614,418.817
188.122,352.073
169.699,81.6705
116.655,777.979
827.592,236.841
679.847,851.385
718.612,787.024
257.124,450.465
555.799,757.645
780.086,523.615
117.619,247.985
682.916,790.549
347.393,346.806
302.807,838.367
843.405,797.337
275.702,704.507
836.432,511.597
290.961,84.7814
268.9,823.303
638.259,233.916
493.908,741.994
762.956,121.108
799.59,222.408
844.927,248.369
824.527,694.96
306.744,473.906
419.852,622.462
218.859,111.515
153.605,57.248
267.807,197.524
663.119,224.463
702.993,309.464
822.558,359.56
518.159,144.829
724.83,94.1502
493.139,275.152
734.773,288.261
698.889,277.964
89.1447,426.603
356.898,107.063
362.574,76.1874
733.483,101.771
714.04,238.631
157.277,303.259
232.918,283.308
841.257,831.346
239.906,830.208
581.155,194.959
791.612,143.108
515.275,58.6672
675.086,231.797
846.037,769.555
280.088,419.817
207.496,578.602
103.438,547.917
365.711,183.999
692.262,661.736
341.584,478.526
698.221,700.751
202.796,148.252
734.535,549.193
678.91,495.195
133.83,448.601
835.115,505.415
819.652,845.698
140.626,282.272
658.488,338.4
223.541,208.681
151.607,225.321
95.3496,506.466
549.22,548.091
273.513,466.024
667.167,133.64
537.86,616.701
252.466,516.616
540.903,526.772
524.759,343.225
650.354,618.692
371.065,656.833
698.597,500.312
92.2995,538.039
242.289,557.118
321.602,646.769
747.171,699.611
64.3318,83.0654
61.3937,265.716
725.943,451.194
619.129,245.972
137.674,313.311
577.408,784.885
355.314,558.939
664.637,406.623
317.646,331.744
349.914,270.268
278.911,825.168
582.495,534.69
555.952,742.712
101.793,652.748
296.851,661.625
106.942,808.134
141.615,505.245
136.594,775.781
461.983,49.5493
232.023,360.814
364.718,237.519
234.02,613.438
499.657,310.302
334.775,93.5256
832.159,511.775
763.722,603.2
186.353,444.233
50.4563,374.511
112.932,758.896
491.68,744.885
673.32,503.186
240.11,327.287
850.063,528.902
284.688,136.754
367.519,328.164
447.223,696.903
609.955,557.003
834.375,506.461
334.822,78.741
695.143,780.608
358.537,480.49
829.601,749.554
532.954,179.217
708.554,522.6
621.655,698.183
657.476,578.777
424.278,437.6
179.807,105.741
375.906,477.216
330.954,196.907
428.365,377.371
567.523,426.726
280.262,218.644
533.073,46.7866
396.94,661.641
204.055,660.619
633.492,842.191
582.787,656.712
337.01,842.86
619.766,452.438
501.852,207.808
54.6451,845.545
450.252,129.861
792.159,339.357
728.391,662.328
257.278,512.754
79.1017,223.986
676.362,535.206
158.485,311.025
578.34,576.273
348.623,262.772
140.65,160.998
539.339,593.522
579.198,280.177
611.565,662.393
405.412,547.112
547.713,390.908
362.328,70.2888
730.42,407.549
524.683,187.788
440.977,392.883
799.553,414.108
206.32,441.812
287.922,774.564
508.857,474.071
202.265,161.811
553.202,524.393
505.552,652.181
149.141,333.307
440.658,481.538
770.539,350.066
723.434,143.606
164.746,460.844
434.383,636.556
539.626,654.352
657.971,202.784
745.934,259.705
54.3501,518.588
724.883,690.898
610.377,193.477
325.631,416.342
136.382,495.751
760.201,123.759
534.817,459.716
676.473,125.88
630.675,769.117
623.376,264.744
439.94,850.592
553.875,629.469
78.895,282.012
768.694,257.846
161.435,793.482
477.828,364.466
327.222,232.983
819.577,53.3529
255.824,555.621
45.1736,47.7621
685.365,647.384
432.247,631.416
60.4587,304.93
650.075,64.685
528.457,721.951
198.8,793.625
359.253,789.974
412.339,317.809
356.724,332.371
585.45,201.596
581.057,522.094
195.341,493.143
560.672,404.737
241.442,254.32
84.6356,115.418
459.258,323.1
787.766,600.982
171.834,212.296
473.99,58.5966
131.071,610.195
376.705,283.688
231.607,658.151
114.571,555.191
384.237,335.305
836.797,119.7
650.946,380.154
491.989,300.97
681.646,253.463
141.162,157.876
620.237,123.725
254.653,824.164
791.124,636.313
790.957,132.557
459.033,804.196
477.537,718.635
837.879,449.8
788.525,61.4179
468.463,646.405
223.405,234.909
529.187,681.182
519.361,401.163
224.373,124.959
524.428,229.601
683.557,729.969
713.537,56.2479
778.629,408.874
347.198,661.966
435.238,96.4045
175.599,123.098
439.633,683.666
241.962,269.818
446.819,766.204
144.695,239.626
539.379,698.468
570.931,653.99
738.149,216.081
56.5536,334.274
632.585,534.76
346.71,297.766
206.418,422.771
660.191,492.364
242.928,176.014
199.828,708.834
179.875,224.621
391.418,654.008
264.329,351.643
333.169,204.805
50.9514,272.687
680.048,533.543
713.146,274.844
305.656,836.308
763.587,450.692
515.853,740.884
113.301,430.151
416.148,137.757
168.641,58.9319
355.5,671.28
467.294,275.545
753.844,81.5301
140.921,242.125
441.917,795.143
113.505,150.272
739.685,507.317
268.044,767.225
576.602,82.7058
690.454,199.873
372.975,599.805
174.601,377.451
282.88,45.5226
84.9355,322.144
646.28,463.682
632.48,255.323
247.13,547.85
680.512,319.364
177.239,724.079
69.9926,599.568
836.475,221.076
798.114,284.039
702.278,717.963
662.901,497.458
80.5351,509.157
259.973,562.611
673.675,203.799
505.236,495.902
673.47,366.5
522.783,56.5146
449.3,77.6726
152.4,378.676
461.515,337.887
601.959,375.881
792.471,136.597
534.456,784.624
384.952,219.435
119.765,180.895
417.263,324.781
528.806,414.217
589.698,272.763
674.429,630.099
187.46,393.106
299.589,442.127
825.335,193.28
709.088,272.464
59.0035,717.797
102.961,498.103
641.266,513.87
743.659,126.828
665.232,311.907
563.867,785.796
473.744,795.262
137.893,369.785
315.225,156.869
45.2627,583.89
210.219,275.538
232.08,644.388
394.862,572.495
631.602,138.174
684.792,671.787
410.415,585.502
598.549,515.21
628.535,659.246
808.476,328.806
71.96,170.658
312.582,232.507
652.338,237.774
460.302,645.242
529.038,471.83
482.586,83.9742
230.383,782.893
356.05,338.458
344.632,847.619
519.297,320.738
109.84,405.666
836.34,426.823
162.958,246.527
510.081,842.151
132.193,481.958
623.896,213.356
88.2899,294.282
733.751,793.647
129.825,144.031
552.063,725.843
297.407,607.971
110.423,547.436
675.461,850.623
502.717,307.295
615.094,279.554
209.195,695.919
651.945,52.1907
281.929,346.092
818.199,854.78
721.068,780.891
374.996,371.35
598.253,561.719
505.954,444.249
833.46,536.389
429.907,326.828
345.574,454.061
824.583,690.024
494.671,438.478
841.947,467.633
126.81,451.05
158.019,547.182
331.586,488.283
175.813,684.32
603.832,483.26
162.105,154.958
255.367,540.298
313.654,323.299
72.5707,346.459
530.375,65.0834
320.416,395.116
434.115,72.029
741.641,438.83
267.787,224.191
800.897,304.349
407.971,730.467
628.708,467.451
748.305,369.252
252.619,848.148
312.096,723.847
196.904,684.231
364.802,668.974
545.647,400.544
579.522,305.595
661.708,832.635
762.87,852.196
404.635,168.56
78.7402,73.0386
586.077,529.061
652.007,118.583
446.65,213.439
298.799,622.575
779.157,615.776
65.8633,607.784
678.419,546.92
294.556,538.602
303.096,497.603
666.074,603.824
177.186,58.9524
376.954,284.036
612.765,151.75
586.473,45.8297
544.149,210.636
801.171,687.69
181.995,52.3872
508.791,787.413
449.039,67.7236
588.779,773.096
532.771,775.138
175.903,144.091
834.887,258.082
688.173,480.59
500.199,822.196
607.588,408.368
624.684,108.744
602.658,218.178
726.627,104.987
573.566,804.292
86.9774,530.875
848.026,484.033
572.184,538.856
479.931,231.79
146.889,655.839
745.469,654.716
715.622,401.458
800.887,483.454
615.763,538.052
739.393,128.77
639.883,665.596
53.4177,687.21
417.096,316.935
835.224,543.102
185.52,129.553
494.21,307.821
379.88,831.716
440.177,536.079
583.251,676.731
323.612,199.034
634.106,710.671
223.801,387.78
436.053,530.275
488.567,612.352
421.51,384.213
829.777,626.173
539.735,832.382
731.348,488.808
271.19,357.655
526.288,733.229
259.306,356.749
350.983,325.998
280.321,845.102
742.362,821.587
381.795,561.986
176.485,336.327
230.311,796.521
242.105,671.723
413.227,66.7432
703.373,329.7
104.178,139.538
716.183,195.42
65.9738,733.699
653.517,237.819
277.521,300.553
150.558,301.034
543.431,213.254
545.369,680.803
854.39,188.314
85.877,235.768
61.7272,239.042
182.299,71.4325
190.009,314.898
667.933,388.256
773.524,136.397
219.282,591.31
783.649,784.079
550.402,836.001
843.307,466.353
513.111,653.638
479.782,317.296
319.186,376.105
781.003,820.961
568.793,613.803
681.162,597.781
587.228,561.316
688.954,367.964
784.328,45.0511
49.5713,450.768
802.33,222.834
818.995,340.74
516.961,602.109
141.235,106.611
692.979,603.497
489.131,615.657
561.959,610.529
576.619,106.293
657.781,443.34
395.677,674.771
269.952,502.504
300.029,586.566
287.815,531.551
524.819,814.549
741.444,766.458
71.7549,539.411
445.04,361.263
136.224,164.699
332.678,718.947
529.157,144.187
487.635,548.635
835.857,690.24
247.685,640.855
271.871,533.951
461.982,269.949
127.603,741.767
620.168,456.965
480.118,419.708
504.108,664.899
253.079,806.067
753.896,556.574
179.714,778.97
757.562,51.6484
765.252,583.763
842.375,747.835
155.627,529.458
585.251,602.226
510.917,248.842
214.912,671.37
787.447,667.368
851.592,276.935
298.068,308.745
474.573,106.242
182.942,746.708
410.83,465.538
742.894,605.835
675.91,350.748
366.16,545.541
570.017,743.728
600.995,521.037
293.477,53.3843
499.887,538.293
759.086,399.867
590.944,207.243
210.987,209.53
381.661,662.6
572.268,732.15
116.006,626.144
642.964,101.023
81.8084,235.364
67.9591,551.651
432.366,577.642
289.787,299.953
223.865,336.979
593.132,602.879
64.6946,469.935
177.852,718.279
668.565,565.197
559.858,516.204
602.219,301.49
648.189,314.36
576.683,558.8
619.699,186.054
219.072,274.362
740.065,244.722
333.349,431.27
268.054,710.819
125.715,700.821
221.205,649.346
239.224,75.3168
103.85,472.247
749.81,536.93
713.291,320.333
585.778,504.04
170.753,106.602
495.571,98.8979
275.149,371.127
213.397,497.927
520.841,513.303
147.706,805.756
300.656,494.771
184.735,564.644
293.32,307.542
399.83,437.136
502.003,542.105
108.717,326.803
615.902,604.326
531.907,711.251
568.623,815.942
646.522,255.485
50.5915,382.67
139.211,516.281
614.348,435.652
801.6,570.938
603.199,375.44
266.899,746.018
777.461,666.7
650.373,723.687
580.015,180.612
825.932,406.607
708.975,506.132
432.234,184.617
647.409,183.4
176.02,491.949
328.282,136.809
671.047,99.2754
97.8265,161.93
852.857,834.524
287.451,635.972
312.269,469.592
602.29,279.377
602.096,311.318
853.317,853.478
55.7999,399.786
185.855,294.702
186.548,163.674
708.781,798.556
560.257,818.654
565.042,765.818
329.566,645.505
794.879,183.456
580.101,679.635
739.167,126.721
618.874,723.389
817.237,704.427
300.142,762.002
416.426,186.69
714.793,96.8293
389.8,531.344
424.091,60.8119
721.581,536.656
362.733,610.408
188.841,637.623
853.026,705.134
109.851,569.06
262.883,851.321
434.135,743.436
46.5019,543.688
752.68,513.843
511.78,296.773
291.452,788.213
252.946,385.288
123.545,745.296
634.916,494.537
223.309,762.999
114.8,648.667
460.831,821.713
290.174,815
438.107,389.969
775.956,819.72
640.855,412.265
716.809,195.129
260.346,685.855
447.087,496.348
89.0989,167.236
814.882,114.421
749.944,73.5745
225.32,272.69
298.064,638.335
285.011,162.959
221.13,543.653
764.165,683.863
297.45,773.185
312.788,500.902
369.992,816.785
712.044,176.288
192.441,263.503
595.272,388.37
491.087,280.951
664.763,220.985
89.9508,767.704
161.416,623.279
785.218,55.1477
124.06,144.451
305.266,187.682
846.306,596.896
547.479,216.077
626.437,147.435
209.872,775.351
735.977,728.02
832.42,850.884
552.353,128.635
721.598,575.674
533.001,328.09
193.934,753.511
677.411,301.922
309.406,832.826
198.325,523.791
712.149,128.897
217.086,760.781
484.777,429.198
464.095,801.479
275.232,420.587
252.145,571.171
821.545,727.963
84.7862,418.332
592.402,615.881
122.629,509.932
586.946,426.13
374.075,328.66
432.358,609.979
648.684,792.464
263.645,771.019
101.537,645.932
462.669,577.879
530.135,212.721
138.429,563.424
582.125,753.129
606.316,679.406
541.518,648.368
257.197,441.58
808.469,332.849
614.883,93.2444
789.88,544.773
708.011,138.652
514.228,315.858
648.284,483.464
773.56,632.375
463.422,714.596
371.39,149.365
715.884,834.223
623.012,729.431
684.386,491.95
752.246,614.817
124.846,844.059
55.2542,60.196
704.69,666.79
459.844,141.566
90.5274,243.365
112.134,317.309
324.674,623.206
714.726,774.665
380.671,244.392
310.493,612.104
764.12,679.282
383.08,709.03
92.3377,77.6584
171.804,524.68
718.175,441.523
806.621,710.448
689.175,601.753
360.666,718.58
401.894,789.707
621.571,199.626
72.1482,152.646
208.857,583.006
140.452,815.453
409.016,258.452
548.569,198.054
424.615,450.129
700.703,248.356
698.856,547.364
84.7868,151.524
255.085,313.856
652.363,371.081
480.88,601.915
51.9828,264.441
477.99,769.936
825.278,619.044
612.255,643.964
512.99,49.425
628.151,99.8344
510.379,219.462
223.489,531.401
180.76,826.602
72.1312,198.318
312.185,340.241
313.837,425.182
702.484,599.842
285.538,172.795
364.716,495.904
756.314,202.6
309.886,214.416
446.783,219.737
606.772,434.772
240.404,651.398
711.638,52.1613
843.671,253.163
329.972,417.201
678.383,339.603
97.1,604.531
698.018,349.87
722.267,675.78
67.2675,139.52
783.953,444.13
785.861,780.964
437.381,425.595
275.186,149.938
162.475,334.557
204.133,619.885
435.583,653.765
309.318,502.693
123.072,362.244
470.443,769.755
482.27,715.958
52.3029,252.941
116.209,771.852
811.498,814.182
157.692,716.688
587.963,434.888
223.182,492.584
766.236,845.032
349.145,622.752
724.316,109.282
783.081,828.279
603.914,245.862
124.297,601.256
483.624,101.283
203.53,166.652
620.828,238.444
799.225,559.426
279.987,97.5345
768.757,197.927
375.044,659.711
526.722,369.911
587.212,242.117
692.541,538.837
526.469,165.779
797.95,502.607
311.989,606.625
246.984,162.727
80.4628,87.9047
574.939,288.465
435.356,728.235
256.729,98.7775
367.353,258.552
277.808,245.441
372.57,853.134
698.862,645.624
390.621,481.554
832.787,763.949
500.56,652.477
705.343,502.348
581.101,650.644
716.243,481.127
609.4,314.247
268.406,237.19
124.591,625.913
375.094,523.705
813.264,754.609
782.941,691.923
251.173,362.305
202.305,69.6803
177.027,710.276
82.5512,267.633
464.233,225.132
679.114,332.424
222.265,736.054
360.733,681.914
470.405,378.288
530.871,412.555
440.09,676.487
773.248,78.251
263.6,426.303
465.529,343.208
318.6,215.491
179.273,734.121
504.62,485.576
756.694,669.286
547.585,457.388
603.6,618.547
268.376,421.011
721.14,131.889
317.311,247.435
270.416,808.121
441.278,656.843
586.753,817.481
642.846,492.638
555.675,187.805
800.515,570.836
711.629,470.614
761.367,598.414
263.376,805.34
144.258,168.251
797.49,183.139
187.582,780.05
110.395,764.509
219.268,642.706
303.54,696.776
143.862,125.115
200.349,541.548
393.699,662.895
588.014,818.528
353.733,405.536
841.663,99.1774
491.118,848.961
780.275,593.298
680.469,570.535
235.531,615.156
77.2252,753.462
169.472,290.282
225.82,306.258
114.308,376.105
671.437,430.742
315.509,212.263
441.503,755.446
798.495,433.133
337.378,731.529
263.998,352.475
229.277,566.908
422.129,402.433
257.126,195.338
530.94,733.148
719.071,481.7
618.103,794.489
677.764,834.963
190.961,459.368
795.644,300.461
447.813,460.804
696.965,762.448
75.3792,633.998
54.6155,849.637
798.656,106.906
820.214,742.709
845.549,481.029
661.708,231.207
832.588,530.012
658.52,358.743
644.977,787.961
526.344,541.202
832.73,49.885
216.261,568.704
242.443,91.4463
530.83,783.423
219.958,422.369
548.151,595.679
204.393,484.715
693.757,565.928
354.519,400.313
534.772,574.4
453.998,791.807
170.397,588.614
563.265,580.122
155.459,427.851
563.341,552.958
563.143,799.865
750.65,178.834
344.851,466.942
213.692,342.27
780.075,404.807
68.3724,672.267
521.436,443.192
100.894,507.64
105.214,328.675
622.777,290.265
342.419,416.814
229.858,579.766
747.797,321.611
419.6,391.12
98.3357,530.185
518.4,202.995
835.829,802.93
581.466,497.322
404.567,175.569
798.27,566.655
58.0508,391.595
613.691,433.526
554.677,614.683
375.719,575.015
502.985,308.851
151.064,331.273
538.189,411.356
675.802,122.515
497.668,103.335
384.642,679.222
840.189,213.639
70.1115,536.356
144.991,402.038
579.647,395.405
228.459,849.587
456.211,767.97
432.252,252.733
434.715,616.313
70.7079,438.732
470.584,714.828
142.548,334.847
295.912,416.978
477.856,113.288
331.252,635.351
465.918,92.2298
426.059,223.907
727.562,839.104
201.888,454.942
504.7,80.9993
354.703,135.458
102.137,83.213
762.526,303.981
207.418,174.704
472.039,843.291
416.878,560.887
448.273,122.039
126.296,436.658
100.455,196.152
