5000
450,900
450.565,900
451.131,899.999
451.696,899.997
452.262,899.994
452.827,899.991
453.393,899.987
453.958,899.983
454.524,899.977
455.089,899.971
455.655,899.964
456.22,899.957
456.786,899.949
457.351,899.94
457.916,899.93
458.482,899.92
459.047,899.909
459.613,899.897
460.178,899.885
460.743,899.872
461.309,899.858
461.874,899.843
462.439,899.828
463.004,899.812
463.57,899.795
464.135,899.778
464.7,899.76
465.265,899.741
465.83,899.721
466.395,899.701
466.961,899.68
467.526,899.659
468.091,899.636
468.656,899.613
469.221,899.589
469.786,899.565
470.351,899.54
470.915,899.514
471.48,899.487
472.045,899.46
472.61,899.432
473.175,899.403
473.739,899.373
474.304,899.343
474.869,899.312
475.433,899.281
475.998,899.248
476.562,899.215
477.127,899.182
477.691,899.147
478.256,899.112
478.82,899.076
479.384,899.04
479.949,899.002
480.513,898.964
481.077,898.926
481.641,898.886
482.205,898.846
482.769,898.805
483.333,898.764
483.897,898.721
484.461,898.679
485.025,898.635
485.588,898.591
486.152,898.545
486.716,898.5
487.279,898.453
487.843,898.406
488.406,898.358
488.97,898.309
489.533,898.26
490.096,898.21
490.66,898.159
491.223,898.108
491.786,898.056
492.349,898.003
492.912,897.949
493.475,897.895
494.037,897.84
494.6,897.784
495.163,897.728
495.725,897.671
496.288,897.613
496.85,897.555
497.413,897.495
497.975,897.435
498.537,897.375
499.099,897.313
499.661,897.251
500.223,897.189
500.785,897.125
501.347,897.061
501.909,896.996
502.471,896.93
503.032,896.864
503.594,896.797
504.155,896.729
504.716,896.661
505.278,896.592
505.839,896.522
506.4,896.452
506.961,896.38
507.522,896.308
508.083,896.236
508.643,896.162
509.204,896.088
509.764,896.014
510.325,895.938
510.885,895.862
511.445,895.785
512.006,895.708
512.566,895.629
513.126,895.55
513.685,895.471
514.245,895.39
514.805,895.309
515.364,895.227
515.924,895.145
516.483,895.062
517.042,894.978
517.602,894.893
518.161,894.808
518.719,894.722
519.278,894.635
519.837,894.548
520.396,894.46
520.954,894.371
521.512,894.281
522.071,894.191
522.629,894.1
523.187,894.009
523.745,893.916
524.302,893.823
524.86,893.73
525.418,893.635
525.975,893.54
526.532,893.444
527.09,893.348
527.647,893.25
528.204,893.153
528.76,893.054
529.317,892.955
529.874,892.855
530.43,892.754
530.986,892.652
531.543,892.55
532.099,892.448
532.655,892.344
533.21,892.24
533.766,892.135
534.322,892.029
534.877,891.923
535.432,891.816
535.987,891.708
536.542,891.6
537.097,891.491
537.652,891.381
538.207,891.27
538.761,891.159
539.315,891.047
539.87,890.935
540.424,890.821
540.977,890.708
541.531,890.593
542.085,890.477
542.638,890.361
543.191,890.245
543.745,890.127
544.298,890.009
544.85,889.89
545.403,889.771
545.956,889.65
546.508,889.529
547.06,889.408
547.612,889.286
548.164,889.163
548.716,889.039
549.268,888.914
549.819,888.789
550.371,888.664
550.922,888.537
551.473,888.41
552.024,888.282
552.574,888.154
553.125,888.024
553.675,887.894
554.225,887.764
554.775,887.632
555.325,887.5
555.875,887.368
556.425,887.234
556.974,887.1
557.523,886.965
558.072,886.83
558.621,886.694
559.17,886.557
559.718,886.419
560.266,886.281
560.815,886.142
561.363,886.003
561.91,885.862
562.458,885.721
563.006,885.58
563.553,885.437
564.1,885.294
564.647,885.151
565.194,885.006
565.74,884.861
566.286,884.715
566.833,884.569
567.379,884.422
567.924,884.274
568.47,884.125
569.016,883.976
569.561,883.826
570.106,883.676
570.651,883.524
571.195,883.372
571.74,883.22
572.284,883.066
572.828,882.912
573.372,882.758
573.916,882.602
574.46,882.446
575.003,882.29
575.546,882.132
576.089,881.974
576.632,881.815
577.174,881.656
577.717,881.496
578.259,881.335
578.801,881.173
579.342,881.011
579.884,880.848
580.425,880.685
580.966,880.52
581.507,880.355
582.048,880.19
582.588,880.024
583.129,879.857
583.669,879.689
584.209,879.521
584.748,879.352
585.288,879.182
585.827,879.012
586.366,878.841
586.905,878.669
587.443,878.497
587.982,878.324
588.52,878.15
589.058,877.975
589.595,877.8
590.133,877.625
590.67,877.448
591.207,877.271
591.744,877.093
592.281,876.915
592.817,876.736
593.353,876.556
593.889,876.375
594.425,876.194
594.96,876.012
595.495,875.83
596.03,875.647
596.565,875.463
597.1,875.278
597.634,875.093
598.168,874.907
598.702,874.721
599.235,874.534
599.769,874.346
600.302,874.157
600.835,873.968
601.367,873.778
601.9,873.588
602.432,873.396
602.964,873.204
603.496,873.012
604.027,872.819
604.558,872.625
605.089,872.43
605.62,872.235
606.151,872.039
606.681,871.843
607.211,871.645
607.74,871.447
608.27,871.249
608.799,871.05
609.328,870.85
609.857,870.649
610.385,870.448
610.914,870.246
611.442,870.044
611.969,869.84
612.497,869.637
613.024,869.432
613.551,869.227
614.078,869.021
614.604,868.814
615.13,868.607
615.656,868.399
616.182,868.191
616.707,867.982
617.232,867.772
617.757,867.561
618.282,867.35
618.806,867.139
619.33,866.926
619.854,866.713
620.377,866.499
620.901,866.285
621.424,866.07
621.946,865.854
622.469,865.637
622.991,865.42
623.513,865.203
624.034,864.984
624.556,864.765
625.077,864.546
625.598,864.325
626.118,864.104
626.638,863.883
627.158,863.66
627.678,863.437
628.197,863.214
628.717,862.99
629.235,862.765
629.754,862.539
630.272,862.313
630.79,862.086
631.308,861.859
631.825,861.63
632.342,861.402
632.859,861.172
633.376,860.942
633.892,860.711
634.408,860.48
634.924,860.248
635.439,860.015
635.954,859.782
636.469,859.548
636.984,859.313
637.498,859.078
638.012,858.842
638.525,858.605
639.039,858.368
639.552,858.13
640.064,857.892
640.577,857.652
641.089,857.413
641.601,857.172
642.112,856.931
642.623,856.689
643.134,856.447
643.645,856.204
644.155,855.96
644.665,855.716
645.175,855.471
645.684,855.225
646.193,854.979
646.702,854.732
647.211,854.485
647.719,854.237
648.227,853.988
648.734,853.739
649.241,853.488
649.748,853.238
650.255,852.986
650.761,852.734
651.267,852.482
651.772,852.229
652.278,851.975
652.783,851.72
653.287,851.465
653.792,851.209
654.296,850.953
654.799,850.696
655.303,850.438
655.806,850.18
656.309,849.921
656.811,849.661
657.313,849.401
657.815,849.14
658.316,848.879
658.817,848.617
659.318,848.354
659.818,848.091
660.318,847.827
660.818,847.562
661.318,847.297
661.817,847.031
662.316,846.765
662.814,846.497
663.312,846.23
663.81,845.961
664.307,845.692
664.804,845.423
665.301,845.152
665.797,844.882
666.293,844.61
666.789,844.338
667.284,844.065
667.78,843.792
668.274,843.518
668.769,843.243
669.263,842.968
669.756,842.692
670.25,842.416
670.742,842.139
671.235,841.861
671.727,841.583
672.219,841.304
672.711,841.024
673.202,840.744
673.693,840.463
674.183,840.182
674.673,839.9
675.163,839.617
675.653,839.334
676.142,839.05
676.63,838.766
677.119,838.48
677.607,838.195
678.094,837.908
678.582,837.621
679.069,837.334
679.555,837.046
680.041,836.757
680.527,836.468
681.013,836.178
681.498,835.887
681.983,835.596
682.467,835.304
682.951,835.012
683.435,834.719
683.918,834.425
684.401,834.131
684.883,833.836
685.365,833.54
685.847,833.244
686.329,832.948
686.81,832.65
687.29,832.352
687.771,832.054
688.25,831.755
688.73,831.455
689.209,831.155
689.688,830.854
690.166,830.552
690.644,830.25
691.122,829.948
691.599,829.644
692.076,829.34
692.553,829.036
693.029,828.731
693.505,828.425
693.98,828.119
694.455,827.812
694.929,827.504
695.404,827.196
695.877,826.888
696.351,826.578
696.824,826.268
697.297,825.958
697.769,825.647
698.241,825.335
698.712,825.023
699.183,824.71
699.654,824.397
700.124,824.083
700.594,823.768
701.063,823.453
701.533,823.137
702.001,822.821
702.47,822.504
702.938,822.186
703.405,821.868
703.872,821.549
704.339,821.23
704.805,820.91
705.271,820.59
705.737,820.269
706.202,819.947
706.666,819.625
707.131,819.302
707.594,818.978
708.058,818.654
708.521,818.33
708.984,818.005
709.446,817.679
709.908,817.353
710.369,817.026
710.83,816.698
711.291,816.37
711.751,816.042
712.211,815.712
712.67,815.383
713.129,815.052
713.588,814.721
714.046,814.39
714.503,814.058
714.961,813.725
715.417,813.392
715.874,813.058
716.33,812.724
716.786,812.389
717.241,812.053
717.695,811.717
718.15,811.38
718.604,811.043
719.057,810.705
719.51,810.367
719.963,810.028
720.415,809.688
720.867,809.348
721.318,809.008
721.769,808.666
722.22,808.324
722.67,807.982
723.119,807.639
723.569,807.296
724.017,806.952
724.466,806.607
724.914,806.262
725.361,805.916
725.808,805.57
726.255,805.223
726.701,804.875
727.147,804.527
727.592,804.179
728.037,803.83
728.481,803.48
728.925,803.13
729.369,802.779
729.812,802.428
730.255,802.076
730.697,801.723
731.138,801.37
731.58,801.017
732.021,800.663
732.461,800.308
732.901,799.953
733.341,799.597
733.78,799.241
734.218,798.884
734.657,798.526
735.094,798.168
735.532,797.81
735.969,797.451
736.405,797.091
736.841,796.731
737.276,796.37
737.711,796.009
738.146,795.647
738.58,795.285
739.014,794.922
739.447,794.558
739.88,794.194
740.312,793.83
740.744,793.465
741.175,793.099
741.606,792.733
742.037,792.366
742.467,791.999
742.896,791.631
743.325,791.263
743.754,790.894
744.182,790.525
744.61,790.155
745.037,789.784
745.464,789.413
745.89,789.042
746.316,788.669
746.741,788.297
747.166,787.924
747.59,787.55
748.014,787.176
748.438,786.801
748.861,786.426
749.283,786.05
749.705,785.674
750.127,785.297
750.548,784.919
750.969,784.541
751.389,784.163
751.808,783.784
752.228,783.404
752.646,783.024
753.065,782.644
753.482,782.263
753.9,781.881
754.317,781.499
754.733,781.116
755.149,780.733
755.564,780.349
755.979,779.965
756.393,779.58
756.807,779.195
757.221,778.809
757.634,778.423
758.046,778.036
758.458,777.649
758.87,777.261
759.281,776.872
759.691,776.483
760.101,776.094
760.511,775.704
760.92,775.313
761.328,774.923
761.736,774.531
762.144,774.139
762.551,773.747
762.958,773.354
763.364,772.96
763.769,772.566
764.174,772.171
764.579,771.776
764.983,771.381
765.387,770.985
765.79,770.588
766.193,770.191
766.595,769.793
766.996,769.395
767.397,768.997
767.798,768.598
768.198,768.198
768.598,767.798
768.997,767.397
769.395,766.996
769.793,766.595
770.191,766.193
770.588,765.79
770.985,765.387
771.381,764.983
771.776,764.579
772.171,764.174
772.566,763.769
772.96,763.364
773.354,762.958
773.747,762.551
774.139,762.144
774.531,761.736
774.923,761.328
775.313,760.92
775.704,760.511
776.094,760.101
776.483,759.691
776.872,759.281
777.261,758.87
777.649,758.458
778.036,758.046
778.423,757.634
778.809,757.221
779.195,756.807
779.58,756.393
779.965,755.979
780.349,755.564
780.733,755.149
781.116,754.733
781.499,754.317
781.881,753.9
782.263,753.482
782.644,753.065
783.024,752.646
783.404,752.228
783.784,751.808
784.163,751.389
784.541,750.969
784.919,750.548
785.297,750.127
785.674,749.705
786.05,749.283
786.426,748.861
786.801,748.438
787.176,748.014
787.55,747.59
787.924,747.166
788.297,746.741
788.669,746.316
789.042,745.89
789.413,745.464
789.784,745.037
790.155,744.61
790.525,744.182
790.894,743.754
791.263,743.325
791.631,742.896
791.999,742.467
792.366,742.037
792.733,741.606
793.099,741.175
793.465,740.744
793.83,740.312
794.194,739.88
794.558,739.447
794.922,739.014
795.285,738.58
795.647,738.146
796.009,737.711
796.37,737.276
796.731,736.841
797.091,736.405
797.451,735.969
797.81,735.532
798.168,735.094
798.526,734.657
798.884,734.218
799.241,733.78
799.597,733.341
799.953,732.901
800.308,732.461
800.663,732.021
801.017,731.58
801.37,731.138
801.723,730.697
802.076,730.255
802.428,729.812
802.779,729.369
803.13,728.925
803.48,728.481
803.83,728.037
804.179,727.592
804.527,727.147
804.875,726.701
805.223,726.255
805.57,725.808
805.916,725.361
806.262,724.914
806.607,724.466
806.952,724.017
807.296,723.569
807.639,723.119
807.982,722.67
808.324,722.22
808.666,721.769
809.007,721.318
809.348,720.867
809.688,720.415
810.028,719.963
810.367,719.51
810.705,719.057
811.043,718.604
811.38,718.15
811.717,717.695
812.053,717.241
812.389,716.786
812.724,716.33
813.058,715.874
813.392,715.417
813.725,714.961
814.058,714.503
814.39,714.046
814.721,713.588
815.052,713.129
815.383,712.67
815.712,712.211
816.042,711.751
816.37,711.291
816.698,710.83
817.026,710.369
817.353,709.908
817.679,709.446
818.005,708.984
818.33,708.521
818.654,708.058
818.978,707.594
819.302,707.131
819.625,706.666
819.947,706.202
820.269,705.737
820.59,705.271
820.91,704.805
821.23,704.339
821.549,703.872
821.868,703.405
822.186,702.938
822.504,702.47
822.821,702.001
823.137,701.533
823.453,701.063
823.768,700.594
824.083,700.124
824.397,699.654
824.71,699.183
825.023,698.712
825.335,698.241
825.647,697.769
825.958,697.297
826.268,696.824
826.578,696.351
826.888,695.877
827.196,695.404
827.504,694.929
827.812,694.455
828.119,693.98
828.425,693.505
828.731,693.029
829.036,692.553
829.34,692.076
829.644,691.599
829.948,691.122
830.25,690.644
830.552,690.166
830.854,689.688
831.155,689.209
831.455,688.73
831.755,688.25
832.054,687.771
832.352,687.29
832.65,686.81
832.948,686.329
833.244,685.847
833.54,685.365
833.836,684.883
834.131,684.401
834.425,683.918
834.719,683.435
835.012,682.951
835.304,682.467
835.596,681.983
835.887,681.498
836.178,681.013
836.468,680.527
836.757,680.041
837.046,679.555
837.334,679.069
837.621,678.582
837.908,678.094
838.195,677.607
838.48,677.119
838.766,676.63
839.05,676.142
839.334,675.653
839.617,675.163
839.9,674.673
840.182,674.183
840.463,673.693
840.744,673.202
841.024,672.711
841.304,672.219
841.583,671.727
841.861,671.235
842.139,670.742
842.416,670.25
842.692,669.756
842.968,669.263
843.243,668.769
843.518,668.274
843.792,667.78
844.065,667.285
844.338,666.789
844.61,666.293
844.882,665.797
845.152,665.301
845.423,664.804
845.692,664.307
845.961,663.81
846.23,663.312
846.497,662.814
846.765,662.316
847.031,661.817
847.297,661.318
847.562,660.818
847.827,660.318
848.091,659.818
848.354,659.318
848.617,658.817
848.879,658.316
849.14,657.815
849.401,657.313
849.661,656.811
849.921,656.309
850.18,655.806
850.438,655.303
850.696,654.799
850.953,654.296
851.209,653.792
851.465,653.287
851.72,652.783
851.975,652.278
852.229,651.772
852.482,651.267
852.734,650.761
852.986,650.255
853.238,649.748
853.488,649.241
853.739,648.734
853.988,648.227
854.237,647.719
854.485,647.211
854.732,646.702
854.979,646.193
855.225,645.684
855.471,645.175
855.716,644.665
855.96,644.155
856.204,643.645
856.447,643.134
856.689,642.623
856.931,642.112
857.172,641.601
857.413,641.089
857.652,640.577
857.892,640.064
858.13,639.552
858.368,639.039
858.605,638.525
858.842,638.012
859.078,637.498
859.313,636.984
859.548,636.469
859.782,635.954
860.015,635.439
860.248,634.924
860.48,634.408
860.711,633.892
860.942,633.376
861.172,632.859
861.402,632.342
861.63,631.825
861.859,631.308
862.086,630.79
862.313,630.272
862.539,629.754
862.765,629.235
862.99,628.717
863.214,628.197
863.437,627.678
863.66,627.158
863.883,626.638
864.104,626.118
864.325,625.598
864.546,625.077
864.765,624.556
864.984,624.034
865.203,623.513
865.42,622.991
865.637,622.469
865.854,621.946
866.07,621.424
866.285,620.901
866.499,620.377
866.713,619.854
866.926,619.33
867.139,618.806
867.35,618.282
867.561,617.757
867.772,617.232
867.982,616.707
868.191,616.182
868.399,615.656
868.607,615.13
868.814,614.604
869.021,614.078
869.227,613.551
869.432,613.024
869.636,612.497
869.84,611.969
870.044,611.442
870.246,610.914
870.448,610.385
870.649,609.857
870.85,609.328
871.05,608.799
871.249,608.27
871.447,607.74
871.645,607.211
871.843,606.681
872.039,606.151
872.235,605.62
872.43,605.089
872.625,604.558
872.819,604.027
873.012,603.496
873.204,602.964
873.396,602.432
873.588,601.9
873.778,601.367
873.968,600.835
874.157,600.302
874.346,599.769
874.534,599.235
874.721,598.702
874.907,598.168
875.093,597.634
875.278,597.1
875.463,596.565
875.647,596.03
875.83,595.495
876.012,594.96
876.194,594.425
876.375,593.889
876.556,593.353
876.736,592.817
876.915,592.281
877.093,591.744
877.271,591.207
877.448,590.67
877.625,590.133
877.8,589.595
877.975,589.058
878.15,588.52
878.324,587.982
878.497,587.443
878.669,586.905
878.841,586.366
879.012,585.827
879.182,585.288
879.352,584.748
879.521,584.209
879.689,583.669
879.857,583.129
880.024,582.588
880.19,582.048
880.355,581.507
880.52,580.966
880.685,580.425
880.848,579.884
881.011,579.342
881.173,578.801
881.335,578.259
881.496,577.717
881.656,577.174
881.815,576.632
881.974,576.089
882.132,575.546
882.29,575.003
882.446,574.46
882.602,573.916
882.758,573.372
882.912,572.828
883.066,572.284
883.22,571.74
883.372,571.195
883.524,570.651
883.676,570.106
883.826,569.561
883.976,569.016
884.125,568.47
884.274,567.924
884.422,567.379
884.569,566.833
884.715,566.286
884.861,565.74
885.006,565.194
885.151,564.647
885.294,564.1
885.437,563.553
885.58,563.006
885.721,562.458
885.862,561.91
886.003,561.363
886.142,560.815
886.281,560.266
886.419,559.718
886.557,559.17
886.694,558.621
886.83,558.072
886.965,557.523
887.1,556.974
887.234,556.425
887.368,555.875
887.5,555.325
887.632,554.775
887.764,554.225
887.894,553.675
888.024,553.125
888.154,552.574
888.282,552.024
888.41,551.473
888.537,550.922
888.664,550.371
888.789,549.819
888.914,549.268
889.039,548.716
889.163,548.164
889.286,547.612
889.408,547.06
889.529,546.508
889.65,545.956
889.771,545.403
889.89,544.85
890.009,544.298
890.127,543.745
890.245,543.191
890.361,542.638
890.477,542.085
890.593,541.531
890.708,540.977
890.821,540.424
890.935,539.87
891.047,539.315
891.159,538.761
891.27,538.207
891.381,537.652
891.491,537.097
891.6,536.542
891.708,535.987
891.816,535.432
891.923,534.877
892.029,534.322
892.135,533.766
892.24,533.21
892.344,532.655
892.448,532.099
892.55,531.543
892.652,530.986
892.754,530.43
892.855,529.874
892.955,529.317
893.054,528.76
893.153,528.204
893.25,527.647
893.348,527.09
893.444,526.532
893.54,525.975
893.635,525.418
893.73,524.86
893.823,524.302
893.916,523.745
894.009,523.187
894.1,522.629
894.191,522.071
894.281,521.512
894.371,520.954
894.46,520.396
894.548,519.837
894.635,519.278
894.722,518.719
894.808,518.161
894.893,517.602
894.978,517.042
895.062,516.483
895.145,515.924
895.227,515.364
895.309,514.805
895.39,514.245
895.471,513.685
895.55,513.126
895.629,512.566
895.708,512.006
895.785,511.445
895.862,510.885
895.938,510.325
896.014,509.765
896.088,509.204
896.162,508.643
896.236,508.083
896.308,507.522
896.38,506.961
896.452,506.4
896.522,505.839
896.592,505.278
896.661,504.716
896.729,504.155
896.797,503.594
896.864,503.032
896.93,502.471
896.996,501.909
897.061,501.347
897.125,500.785
897.189,500.223
897.251,499.661
897.313,499.099
897.375,498.537
897.435,497.975
897.495,497.413
897.555,496.85
897.613,496.288
897.671,495.725
897.728,495.163
897.784,494.6
897.84,494.037
897.895,493.475
897.949,492.912
898.003,492.349
898.056,491.786
898.108,491.223
898.159,490.66
898.21,490.096
898.26,489.533
898.309,488.97
898.358,488.406
898.406,487.843
898.453,487.279
898.5,486.716
898.545,486.152
898.591,485.588
898.635,485.025
898.679,484.461
898.721,483.897
898.764,483.333
898.805,482.769
898.846,482.205
898.886,481.641
898.926,481.077
898.964,480.513
899.002,479.949
899.04,479.384
899.076,478.82
899.112,478.256
899.147,477.691
899.182,477.127
899.215,476.562
899.248,475.998
899.281,475.433
899.312,474.869
899.343,474.304
899.373,473.739
899.403,473.175
899.432,472.61
899.46,472.045
899.487,471.48
899.514,470.915
899.54,470.351
899.565,469.786
899.589,469.221
899.613,468.656
899.636,468.091
899.659,467.526
899.68,466.961
899.701,466.395
899.721,465.83
899.741,465.265
899.76,464.7
899.778,464.135
899.795,463.57
899.812,463.004
899.828,462.439
899.843,461.874
899.858,461.309
899.872,460.743
899.885,460.178
899.897,459.613
899.909,459.047
899.92,458.482
899.93,457.916
899.94,457.351
899.949,456.786
899.957,456.22
899.964,455.655
899.971,455.089
899.977,454.524
899.983,453.958
899.987,453.393
899.991,452.827
899.994,452.262
899.997,451.696
899.999,451.131
900,450.565
900,450
900,449.435
899.999,448.869
899.997,448.304
899.994,447.738
899.991,447.173
899.987,446.607
899.983,446.042
899.977,445.476
899.971,444.911
899.964,444.345
899.957,443.78
899.949,443.214
899.94,442.649
899.93,442.084
899.92,441.518
899.909,440.953
899.897,440.387
899.885,439.822
899.872,439.257
899.858,438.691
899.843,438.126
899.828,437.561
899.812,436.996
899.795,436.43
899.778,435.865
899.76,435.3
899.741,434.735
899.721,434.17
899.701,433.605
899.68,433.039
899.659,432.474
899.636,431.909
899.613,431.344
899.589,430.779
899.565,430.214
899.54,429.649
899.514,429.085
899.487,428.52
899.46,427.955
899.432,427.39
899.403,426.825
899.373,426.261
899.343,425.696
899.312,425.131
899.281,424.567
899.248,424.002
899.215,423.438
899.182,422.873
899.147,422.309
899.112,421.744
899.076,421.18
899.04,420.616
899.002,420.051
898.964,419.487
898.926,418.923
898.886,418.359
898.846,417.795
898.805,417.231
898.764,416.667
898.721,416.103
898.679,415.539
898.635,414.975
898.591,414.412
898.545,413.848
898.5,413.284
898.453,412.721
898.406,412.157
898.358,411.594
898.309,411.03
898.26,410.467
898.21,409.904
898.159,409.34
898.108,408.777
898.056,408.214
898.003,407.651
897.949,407.088
897.895,406.525
897.84,405.963
897.784,405.4
897.728,404.837
897.671,404.275
897.613,403.712
897.555,403.15
897.495,402.587
897.435,402.025
897.375,401.463
897.313,400.901
897.251,400.339
897.189,399.777
897.125,399.215
897.061,398.653
896.996,398.091
896.93,397.529
896.864,396.968
896.797,396.406
896.729,395.845
896.661,395.284
896.592,394.722
896.522,394.161
896.452,393.6
896.38,393.039
896.308,392.478
896.236,391.917
896.162,391.357
896.088,390.796
896.014,390.236
895.938,389.675
895.862,389.115
895.785,388.555
895.708,387.994
895.629,387.434
895.55,386.874
895.471,386.315
895.39,385.755
895.309,385.195
895.227,384.636
895.145,384.076
895.062,383.517
894.978,382.958
894.893,382.398
894.808,381.839
894.722,381.281
894.635,380.722
894.548,380.163
894.46,379.604
894.371,379.046
894.281,378.488
894.191,377.929
894.1,377.371
894.009,376.813
893.916,376.255
893.823,375.698
893.73,375.14
893.635,374.582
893.54,374.025
893.444,373.468
893.348,372.91
893.25,372.353
893.153,371.796
893.054,371.24
892.955,370.683
892.855,370.126
892.754,369.57
892.652,369.014
892.55,368.457
892.448,367.901
892.344,367.345
892.24,366.79
892.135,366.234
892.029,365.678
891.923,365.123
891.816,364.568
891.708,364.013
891.6,363.458
891.491,362.903
891.381,362.348
891.27,361.793
891.159,361.239
891.047,360.685
890.935,360.131
890.821,359.576
890.708,359.023
890.593,358.469
890.477,357.915
890.361,357.362
890.245,356.809
890.127,356.255
890.009,355.702
889.89,355.15
889.771,354.597
889.65,354.044
889.529,353.492
889.408,352.94
889.286,352.388
889.163,351.836
889.039,351.284
888.914,350.732
888.789,350.181
888.664,349.629
888.537,349.078
888.41,348.527
888.282,347.976
888.154,347.426
888.024,346.875
887.894,346.325
887.764,345.775
887.632,345.225
887.5,344.675
887.368,344.125
887.234,343.575
887.1,343.026
886.965,342.477
886.83,341.928
886.694,341.379
886.557,340.83
886.419,340.282
886.281,339.734
886.142,339.185
886.003,338.637
885.862,338.09
885.721,337.542
885.58,336.995
885.437,336.447
885.294,335.9
885.151,335.353
885.006,334.806
884.861,334.26
884.715,333.714
884.569,333.167
884.422,332.621
884.274,332.076
884.125,331.53
883.976,330.984
883.826,330.439
883.676,329.894
883.524,329.349
883.372,328.805
883.22,328.26
883.066,327.716
882.912,327.172
882.758,326.628
882.602,326.084
882.446,325.54
882.29,324.997
882.132,324.454
881.974,323.911
881.815,323.368
881.656,322.826
881.496,322.283
881.335,321.741
881.173,321.199
881.011,320.658
880.848,320.116
880.685,319.575
880.52,319.034
880.355,318.493
880.19,317.952
880.024,317.412
879.857,316.871
879.689,316.331
879.521,315.791
879.352,315.252
879.182,314.712
879.012,314.173
878.841,313.634
878.669,313.095
878.497,312.557
878.324,312.018
878.15,311.48
877.975,310.942
877.8,310.405
877.625,309.867
877.448,309.33
877.271,308.793
877.093,308.256
876.915,307.719
876.736,307.183
876.556,306.647
876.375,306.111
876.194,305.575
876.012,305.04
875.83,304.505
875.647,303.97
875.463,303.435
875.278,302.9
875.093,302.366
874.907,301.832
874.721,301.298
874.534,300.765
874.346,300.231
874.157,299.698
873.968,299.165
873.778,298.633
873.588,298.1
873.396,297.568
873.204,297.036
873.012,296.504
872.819,295.973
872.625,295.442
872.43,294.911
872.235,294.38
872.039,293.85
871.843,293.319
871.645,292.789
871.447,292.26
871.249,291.73
871.05,291.201
870.85,290.672
870.649,290.143
870.448,289.615
870.246,289.086
870.044,288.558
869.84,288.031
869.637,287.503
869.432,286.976
869.227,286.449
869.021,285.922
868.814,285.396
868.607,284.87
868.399,284.344
868.191,283.818
867.982,283.293
867.772,282.768
867.561,282.243
867.35,281.718
867.139,281.194
866.926,280.67
866.713,280.146
866.499,279.623
866.285,279.099
866.07,278.576
865.854,278.054
865.637,277.531
865.42,277.009
865.203,276.487
864.984,275.966
864.765,275.444
864.546,274.923
864.325,274.402
864.104,273.882
863.883,273.362
863.66,272.842
863.437,272.322
863.214,271.803
862.99,271.283
862.765,270.765
862.539,270.246
862.313,269.728
862.086,269.21
861.859,268.692
861.63,268.175
861.402,267.658
861.172,267.141
860.942,266.624
860.711,266.108
860.48,265.592
860.248,265.076
860.015,264.561
859.782,264.046
859.548,263.531
859.313,263.016
859.078,262.502
858.842,261.988
858.605,261.475
858.368,260.961
858.13,260.448
857.892,259.936
857.652,259.423
857.413,258.911
857.172,258.399
856.931,257.888
856.689,257.377
856.447,256.866
856.204,256.355
855.96,255.845
855.716,255.335
855.471,254.825
855.225,254.316
854.979,253.807
854.732,253.298
854.485,252.79
854.237,252.281
853.988,251.773
853.739,251.266
853.489,250.759
853.238,250.252
852.986,249.745
852.734,249.239
852.482,248.733
852.229,248.228
851.975,247.722
851.72,247.217
851.465,246.713
851.209,246.208
850.953,245.704
850.696,245.201
850.438,244.697
850.18,244.194
849.921,243.691
849.661,243.189
849.401,242.687
849.14,242.185
848.879,241.684
848.617,241.183
848.354,240.682
848.091,240.182
847.827,239.682
847.562,239.182
847.297,238.682
847.031,238.183
846.765,237.684
846.497,237.186
846.23,236.688
845.961,236.19
845.692,235.693
845.423,235.196
845.152,234.699
844.882,234.203
844.61,233.707
844.338,233.211
844.065,232.715
843.792,232.22
843.518,231.726
843.243,231.231
842.968,230.737
842.692,230.244
842.416,229.751
842.139,229.258
841.861,228.765
841.583,228.273
841.304,227.781
841.024,227.289
840.744,226.798
840.463,226.307
840.182,225.817
839.9,225.327
839.617,224.837
839.334,224.347
839.05,223.858
838.766,223.37
838.48,222.881
838.195,222.393
837.908,221.906
837.621,221.418
837.334,220.931
837.046,220.445
836.757,219.959
836.468,219.473
836.178,218.987
835.887,218.502
835.596,218.017
835.304,217.533
835.012,217.049
834.719,216.565
834.425,216.082
834.131,215.599
833.836,215.117
833.54,214.635
833.244,214.153
832.948,213.671
832.65,213.19
832.352,212.71
832.054,212.229
831.755,211.75
831.455,211.27
831.155,210.791
830.854,210.312
830.552,209.834
830.25,209.356
829.948,208.878
829.644,208.401
829.34,207.924
829.036,207.447
828.731,206.971
828.425,206.495
828.119,206.02
827.812,205.545
827.504,205.071
827.196,204.596
826.888,204.123
826.578,203.649
826.268,203.176
825.958,202.703
825.647,202.231
825.335,201.759
825.023,201.288
824.71,200.817
824.397,200.346
824.083,199.876
823.768,199.406
823.453,198.937
823.137,198.467
822.821,197.999
822.504,197.53
822.186,197.063
821.868,196.595
821.549,196.128
821.23,195.661
820.91,195.195
820.59,194.729
820.269,194.264
819.947,193.798
819.625,193.334
819.302,192.869
818.979,192.406
818.654,191.942
818.33,191.479
818.005,191.016
817.679,190.554
817.353,190.092
817.026,189.631
816.698,189.17
816.37,188.709
816.042,188.249
815.712,187.789
815.383,187.33
815.052,186.871
814.721,186.412
814.39,185.954
814.058,185.497
813.725,185.039
813.392,184.582
813.058,184.126
812.724,183.67
812.389,183.214
812.053,182.759
811.717,182.305
811.38,181.85
811.043,181.396
810.705,180.943
810.367,180.49
810.028,180.037
809.688,179.585
809.348,179.133
809.008,178.682
808.666,178.231
808.324,177.78
807.982,177.33
807.639,176.881
807.296,176.431
806.952,175.983
806.607,175.534
806.262,175.086
805.916,174.639
805.57,174.192
805.223,173.745
804.875,173.299
804.527,172.853
804.179,172.408
803.83,171.963
803.48,171.519
803.13,171.075
802.779,170.631
802.428,170.188
802.076,169.746
801.723,169.303
801.37,168.862
801.017,168.42
800.663,167.979
800.308,167.539
799.953,167.099
799.597,166.659
799.241,166.22
798.884,165.782
798.526,165.343
798.168,164.906
797.81,164.468
797.451,164.032
797.091,163.595
796.731,163.159
796.37,162.724
796.009,162.289
795.647,161.854
795.285,161.42
794.922,160.986
794.558,160.553
794.194,160.12
793.83,159.688
793.465,159.256
793.099,158.825
792.733,158.394
792.366,157.963
791.999,157.533
791.631,157.104
791.263,156.675
790.894,156.246
790.525,155.818
790.155,155.39
789.784,154.963
789.413,154.536
789.042,154.11
788.669,153.684
788.297,153.259
787.924,152.834
787.55,152.41
787.176,151.986
786.801,151.562
786.426,151.139
786.05,150.717
785.673,150.295
785.297,149.873
784.919,149.452
784.541,149.031
784.163,148.611
783.784,148.191
783.404,147.772
783.024,147.354
782.644,146.935
782.263,146.518
781.881,146.1
781.499,145.683
781.116,145.267
780.733,144.851
780.349,144.436
779.965,144.021
779.58,143.607
779.195,143.193
778.809,142.779
778.423,142.366
778.036,141.954
777.649,141.542
777.261,141.13
776.872,140.719
776.483,140.309
776.094,139.899
775.704,139.489
775.313,139.08
774.923,138.672
774.531,138.264
774.139,137.856
773.747,137.449
773.354,137.042
772.96,136.636
772.566,136.231
772.171,135.826
771.776,135.421
771.381,135.017
770.985,134.613
770.588,134.21
770.191,133.808
769.793,133.405
769.395,133.004
768.997,132.603
768.598,132.202
768.198,131.802
767.798,131.402
767.397,131.003
766.996,130.605
766.595,130.207
766.193,129.809
765.79,129.412
765.387,129.015
764.983,128.619
764.579,128.224
764.174,127.829
763.769,127.434
763.364,127.04
762.958,126.646
762.551,126.253
762.144,125.861
761.736,125.469
761.328,125.077
760.92,124.686
760.511,124.296
760.101,123.906
759.691,123.517
759.281,123.128
758.87,122.739
758.458,122.351
758.046,121.964
757.634,121.577
757.221,121.191
756.807,120.805
756.393,120.42
755.979,120.035
755.564,119.651
755.149,119.267
754.733,118.884
754.317,118.501
753.9,118.119
753.482,117.737
753.065,117.356
752.646,116.976
752.228,116.596
751.808,116.216
751.389,115.837
750.969,115.459
750.548,115.081
750.127,114.703
749.705,114.327
749.283,113.95
748.861,113.574
748.438,113.199
748.014,112.824
747.59,112.45
747.166,112.076
746.741,111.703
746.316,111.331
745.89,110.958
745.464,110.587
745.037,110.216
744.61,109.845
744.182,109.475
743.754,109.106
743.325,108.737
742.896,108.369
742.467,108.001
742.037,107.634
741.606,107.267
741.175,106.901
740.744,106.535
740.312,106.17
739.88,105.806
739.447,105.442
739.014,105.078
738.58,104.715
738.146,104.353
737.711,103.991
737.276,103.63
736.841,103.269
736.405,102.909
735.969,102.549
735.532,102.19
735.094,101.832
734.657,101.474
734.218,101.116
733.78,100.759
733.341,100.403
732.901,100.047
732.461,99.692
732.021,99.3373
731.58,98.9832
731.138,98.6296
730.697,98.2766
730.255,97.9242
729.812,97.5722
729.369,97.2209
728.925,96.8701
728.481,96.5199
728.037,96.1702
727.592,95.8211
727.147,95.4726
726.701,95.1246
726.255,94.7771
725.808,94.4302
725.361,94.084
724.914,93.7382
724.466,93.393
724.017,93.0484
723.569,92.7043
723.119,92.3608
722.67,92.0179
722.22,91.6756
721.769,91.3337
721.318,90.9925
720.867,90.6519
720.415,90.3118
719.963,89.9722
719.51,89.6332
719.057,89.2949
718.604,88.957
718.15,88.6198
717.695,88.2831
717.241,87.947
716.786,87.6115
716.33,87.2765
715.874,86.9421
715.418,86.6083
714.961,86.275
714.503,85.9423
714.046,85.6103
713.588,85.2787
713.129,84.9478
712.67,84.6174
712.211,84.2876
711.751,83.9584
711.291,83.6298
710.83,83.3017
710.369,82.9742
709.908,82.6473
709.446,82.321
708.984,81.9953
708.521,81.6701
708.058,81.3455
707.594,81.0216
707.131,80.6982
706.666,80.3753
706.202,80.0531
705.737,79.7314
705.271,79.4103
704.805,79.0898
704.339,78.77
703.872,78.4507
703.405,78.1319
702.938,77.8138
702.47,77.4962
702.001,77.1792
701.533,76.8628
701.064,76.5471
700.594,76.2319
700.124,75.9172
699.654,75.6032
699.183,75.2898
698.712,74.977
698.241,74.6647
697.769,74.3531
697.297,74.042
696.824,73.7315
696.351,73.4216
695.878,73.1124
695.404,72.8037
694.929,72.4956
694.455,72.1882
693.98,71.8813
693.505,71.5749
693.029,71.2692
692.553,70.9642
692.076,70.6597
691.599,70.3557
691.122,70.0525
690.644,69.7498
690.166,69.4476
689.688,69.1461
689.209,68.8452
688.73,68.545
688.25,68.2452
687.771,67.9462
687.29,67.6477
686.81,67.3498
686.329,67.0525
685.847,66.7558
685.365,66.4597
684.883,66.1643
684.401,65.8694
683.918,65.5752
683.435,65.2815
682.951,64.9885
682.467,64.6961
681.983,64.4042
681.498,64.113
681.013,63.8224
680.527,63.5324
680.041,63.243
679.555,62.9542
679.069,62.6661
678.582,62.3785
678.094,62.0916
677.607,61.8053
677.119,61.5196
676.63,61.2345
676.142,60.95
675.653,60.6661
675.163,60.3828
674.673,60.1002
674.183,59.8182
673.693,59.5368
673.202,59.256
672.711,58.9758
672.219,58.6963
671.727,58.4173
671.235,58.139
670.742,57.8613
670.25,57.5842
669.756,57.3078
669.263,57.0319
668.769,56.7567
668.274,56.4821
667.78,56.2081
667.284,55.9347
666.789,55.662
666.293,55.3899
665.797,55.1184
665.301,54.8476
664.804,54.5773
664.307,54.3076
663.81,54.0387
663.312,53.7703
662.814,53.5026
662.316,53.2354
661.817,52.9689
661.318,52.7031
660.818,52.4379
660.318,52.1732
659.818,51.9093
659.318,51.6459
658.817,51.3832
658.316,51.1211
657.815,50.8596
657.313,50.5988
656.811,50.3386
656.309,50.0791
655.806,49.8201
655.303,49.5618
654.799,49.3041
654.296,49.0471
653.792,48.7907
653.287,48.5349
652.783,48.2798
652.278,48.0252
651.772,47.7714
651.267,47.5181
650.761,47.2655
650.255,47.0136
649.748,46.7622
649.241,46.5116
648.734,46.2615
648.227,46.0121
647.719,45.7633
647.211,45.5152
646.702,45.2676
646.193,45.0208
645.684,44.7746
645.175,44.529
644.665,44.284
644.155,44.0397
643.645,43.7961
643.134,43.553
642.623,43.3106
642.112,43.0689
641.601,42.8279
641.089,42.5874
640.577,42.3475
640.064,42.1084
639.552,41.8699
639.039,41.632
638.525,41.3948
638.012,41.1582
637.498,40.9222
636.984,40.687
636.469,40.4523
635.954,40.2183
635.439,39.985
634.924,39.7522
634.408,39.5202
633.892,39.2888
633.376,39.058
632.859,38.8279
632.342,38.5984
631.825,38.3696
631.308,38.1415
630.79,37.914
630.272,37.6871
629.754,37.4609
629.235,37.2354
628.717,37.0104
628.197,36.7862
627.678,36.5626
627.158,36.3396
626.638,36.1173
626.118,35.8957
625.598,35.6747
625.077,35.4543
624.556,35.2347
624.034,35.0156
623.513,34.7973
622.991,34.5796
622.469,34.3625
621.946,34.1461
621.424,33.9304
620.901,33.7153
620.377,33.5008
619.854,33.2871
619.33,33.0739
618.806,32.8615
618.282,32.6497
617.757,32.4386
617.232,32.2281
616.707,32.0182
616.182,31.8091
615.656,31.6006
615.13,31.3927
614.604,31.1855
614.078,30.9791
613.551,30.7732
613.024,30.568
612.497,30.3635
611.969,30.1596
611.442,29.9564
610.914,29.7538
610.385,29.552
609.857,29.3508
609.328,29.1502
608.799,28.9503
608.27,28.7511
607.74,28.5526
607.211,28.3546
606.681,28.1574
606.151,27.9609
605.62,27.765
605.089,27.5698
604.558,27.3752
604.027,27.1813
603.496,26.9881
602.964,26.7956
602.432,26.6036
601.9,26.4124
601.368,26.2219
600.835,26.032
600.302,25.8428
599.769,25.6543
599.235,25.4664
598.702,25.2792
598.168,25.0927
597.634,24.9068
597.1,24.7216
596.565,24.5371
596.03,24.3532
595.495,24.1701
594.96,23.9876
594.425,23.8058
593.889,23.6246
593.353,23.4442
592.817,23.2643
592.281,23.0852
591.744,22.9068
591.207,22.729
590.67,22.5518
590.133,22.3754
589.595,22.1997
589.058,22.0246
588.52,21.8502
587.982,21.6765
587.443,21.5034
586.905,21.331
586.366,21.1593
585.827,20.9883
585.288,20.8179
584.748,20.6483
584.209,20.4793
583.669,20.311
583.129,20.1433
582.588,19.9764
582.048,19.8101
581.507,19.6445
580.966,19.4796
580.425,19.3154
579.884,19.1518
579.342,18.9889
578.801,18.8267
578.259,18.6652
577.717,18.5044
577.174,18.3442
576.632,18.1848
576.089,18.026
575.546,17.8679
575.003,17.7104
574.46,17.5537
573.916,17.3976
573.372,17.2422
572.828,17.0876
572.284,16.9336
571.74,16.7802
571.195,16.6276
570.651,16.4756
570.106,16.3243
569.561,16.1737
569.016,16.0238
568.47,15.8747
567.924,15.7261
567.379,15.5783
566.833,15.4311
566.286,15.2846
565.74,15.1389
565.194,14.9937
564.647,14.8494
564.1,14.7056
563.553,14.5626
563.006,14.4202
562.458,14.2786
561.91,14.1376
561.363,13.9973
560.815,13.8577
560.267,13.7188
559.718,13.5806
559.17,13.4431
558.621,13.3062
558.072,13.17
557.523,13.0346
556.974,12.8998
556.425,12.7657
555.875,12.6323
555.325,12.4997
554.776,12.3676
554.225,12.2363
553.675,12.1057
553.125,11.9757
552.574,11.8465
552.024,11.7179
551.473,11.5901
550.922,11.4629
550.371,11.3364
549.819,11.2106
549.268,11.0856
548.716,10.9612
548.164,10.8375
547.612,10.7144
547.06,10.5922
546.508,10.4705
545.956,10.3496
545.403,10.2294
544.851,10.1098
544.298,9.99097
543.745,9.8728
543.192,9.75534
542.638,9.63861
542.085,9.52255
541.531,9.40717
540.977,9.29248
540.424,9.17853
539.869,9.06522
539.315,8.95264
538.761,8.84076
538.207,8.72958
537.652,8.61908
537.097,8.50928
536.542,8.40018
535.987,8.29175
535.432,8.18405
534.877,8.07706
534.322,7.97073
533.766,7.86514
533.21,7.76022
532.655,7.65598
532.099,7.55249
531.543,7.44968
530.986,7.34753
530.43,7.24612
529.874,7.14539
529.317,7.04538
528.76,6.94608
528.204,6.84741
527.647,6.74951
527.09,6.65228
526.532,6.55576
525.975,6.45993
525.418,6.36484
524.86,6.27039
524.302,6.17667
523.745,6.08365
523.187,5.99133
522.629,5.89972
522.071,5.80878
521.512,5.71857
520.954,5.62906
520.396,5.54022
519.837,5.45215
519.278,5.36475
518.719,5.27802
518.161,5.19202
517.602,5.10672
517.042,5.02213
516.483,4.9382
515.924,4.85504
515.364,4.77252
514.805,4.69077
514.245,4.60968
513.686,4.5293
513.126,4.44958
512.566,4.37064
512.006,4.29236
511.446,4.21478
510.885,4.13794
510.325,4.06177
509.765,3.98633
509.204,3.91156
508.643,3.83752
508.083,3.76419
507.522,3.69156
506.961,3.61963
506.4,3.54837
505.839,3.47784
505.278,3.40805
504.716,3.33896
504.155,3.27054
503.594,3.20282
503.032,3.13583
502.471,3.06955
501.909,3.00397
501.347,2.93909
500.785,2.87491
500.223,2.81143
499.661,2.74869
499.099,2.68665
498.537,2.62531
497.975,2.56464
497.413,2.50473
496.85,2.44547
496.288,2.38696
495.725,2.32916
495.163,2.27203
494.6,2.21564
494.037,2.15994
493.475,2.10498
492.912,2.05069
492.349,1.99713
491.786,1.94424
491.223,1.89212
490.66,1.84064
490.096,1.78992
489.533,1.73987
488.97,1.69055
488.406,1.64194
487.843,1.59402
487.279,1.54684
486.716,1.50031
486.152,1.45456
485.589,1.40948
485.025,1.36511
484.461,1.32144
483.897,1.2785
483.333,1.23627
482.769,1.1947
482.205,1.1539
481.641,1.1138
481.077,1.07437
480.513,1.03568
479.949,0.997711
479.384,0.960419
478.82,0.923828
478.256,0.88797
477.691,0.852844
477.127,0.818359
476.562,0.784668
475.998,0.751617
475.433,0.71933
474.869,0.687683
474.304,0.656799
473.739,0.626617
473.175,0.597137
472.61,0.568359
472.045,0.540314
471.48,0.51297
470.915,0.486328
470.351,0.460388
469.786,0.435181
469.221,0.410675
468.656,0.386871
468.091,0.3638
467.526,0.341431
466.961,0.319733
466.395,0.298767
465.83,0.278534
465.265,0.259003
464.7,0.240173
464.135,0.222046
463.57,0.204651
463.004,0.187927
462.439,0.171967
461.874,0.156708
461.309,0.14209
460.743,0.128265
460.178,0.115112
459.613,0.102661
459.047,0.0909424
458.482,0.0799255
457.916,0.0696411
457.351,0.0600586
456.786,0.0511475
456.22,0.0429993
455.655,0.035553
455.089,0.0287781
454.524,0.0227356
453.958,0.017395
453.393,0.0127869
452.827,0.00888062
452.262,0.00567627
451.697,0.00320435
451.131,0.00143433
450.565,0.000335693
450,0
449.435,0.000335693
448.869,0.00143433
448.304,0.00320435
447.738,0.00567627
447.173,0.00888062
446.607,0.0127869
446.042,0.017395
445.476,0.0227356
444.911,0.0287781
444.345,0.035553
443.78,0.0429993
443.214,0.0511475
442.649,0.0600586
442.084,0.0696411
441.518,0.0799255
440.953,0.0909424
440.387,0.102661
439.822,0.115112
439.257,0.128265
438.691,0.14209
438.126,0.156708
437.561,0.171967
436.996,0.187927
436.43,0.204651
435.865,0.222046
435.3,0.240173
434.735,0.259003
434.17,0.278534
433.605,0.298767
433.039,0.319733
432.474,0.341431
431.909,0.3638
431.344,0.386871
430.779,0.410675
430.214,0.435181
429.649,0.460388
429.085,0.486328
428.52,0.51297
427.955,0.540314
427.39,0.568359
426.825,0.597137
426.261,0.626617
425.696,0.656799
425.131,0.687683
424.567,0.71933
424.002,0.751617
423.438,0.784637
422.873,0.818359
422.309,0.852814
421.744,0.88797
421.18,0.923828
420.616,0.960419
420.051,0.997681
419.487,1.03568
418.923,1.07437
418.359,1.1138
417.795,1.1539
417.231,1.1947
416.667,1.23627
416.103,1.2785
415.539,1.32144
414.975,1.36511
414.412,1.40948
413.848,1.45453
413.284,1.50031
412.721,1.54684
412.157,1.59402
411.594,1.64194
411.03,1.69055
410.467,1.73987
409.904,1.78989
409.341,1.84064
408.777,1.89209
408.214,1.94424
407.651,1.99713
407.088,2.05069
406.525,2.10498
405.963,2.15994
405.4,2.21564
404.837,2.27203
404.275,2.32916
403.712,2.38696
403.15,2.44547
402.587,2.5047
402.025,2.56464
401.463,2.62531
400.901,2.68665
400.339,2.74869
399.777,2.81143
399.215,2.87491
398.653,2.93909
398.091,3.00394
397.529,3.06955
396.968,3.13583
396.406,3.20282
395.845,3.27054
395.284,3.33893
394.722,3.40805
394.161,3.47784
393.6,3.54837
393.039,3.61963
392.478,3.69156
391.917,3.76416
391.357,3.83752
390.796,3.91156
390.235,3.98633
389.675,4.06177
389.115,4.13794
388.555,4.21478
387.994,4.29233
387.434,4.37064
386.874,4.44958
386.315,4.5293
385.755,4.60965
385.195,4.69077
384.636,4.77252
384.076,4.85501
383.517,4.9382
382.958,5.02213
382.398,5.10672
381.84,5.19202
381.281,5.27802
380.722,5.36475
380.163,5.45212
379.605,5.54022
379.046,5.62906
378.488,5.71857
377.929,5.80878
377.371,5.89972
376.813,5.99133
376.255,6.08362
375.698,6.17667
375.14,6.27039
374.582,6.36481
374.025,6.4599
373.468,6.55576
372.91,6.65228
372.353,6.74948
371.796,6.84741
371.24,6.94604
370.683,7.04538
370.126,7.14539
369.57,7.24612
369.014,7.34753
368.457,7.44968
367.901,7.55246
367.345,7.65598
366.79,7.76022
366.234,7.86511
365.678,7.97073
365.123,8.07706
364.568,8.18405
364.013,8.29175
363.458,8.40018
362.903,8.50928
362.348,8.61905
361.793,8.72955
361.239,8.84076
360.685,8.95264
360.131,9.06522
359.577,9.1785
359.023,9.29248
358.469,9.40717
357.915,9.52252
357.362,9.63861
356.809,9.75534
356.255,9.8728
355.702,9.99097
355.15,10.1098
354.597,10.2293
354.044,10.3496
353.492,10.4705
352.94,10.5921
352.388,10.7144
351.836,10.8374
351.284,10.9612
350.732,11.0855
350.181,11.2106
349.629,11.3364
349.078,11.4629
348.527,11.5901
347.976,11.7179
347.426,11.8465
346.875,11.9757
346.325,12.1057
345.775,12.2363
345.225,12.3676
344.675,12.4996
344.125,12.6323
343.575,12.7657
343.026,12.8998
342.477,13.0346
341.928,13.17
341.379,13.3062
340.83,13.443
340.282,13.5806
339.734,13.7188
339.185,13.8577
338.637,13.9973
338.09,14.1376
337.542,14.2786
336.995,14.4202
336.447,14.5625
335.9,14.7056
335.353,14.8493
334.806,14.9937
334.26,15.1389
333.714,15.2846
333.167,15.4311
332.621,15.5782
332.076,15.7261
331.53,15.8747
330.984,16.0238
330.439,16.1737
329.894,16.3243
329.349,16.4756
328.805,16.6276
328.26,16.7802
327.716,16.9335
327.172,17.0875
326.628,17.2422
326.084,17.3976
325.541,17.5536
324.997,17.7104
324.454,17.8678
323.911,18.0259
323.368,18.1847
322.826,18.3442
322.283,18.5044
321.741,18.6652
321.199,18.8267
320.658,18.9889
320.116,19.1518
319.575,19.3153
319.034,19.4796
318.493,19.6445
317.952,19.8101
317.412,19.9763
316.871,20.1433
316.331,20.3109
315.792,20.4792
315.252,20.6482
314.712,20.8179
314.173,20.9883
313.634,21.1593
313.095,21.331
312.557,21.5034
312.018,21.6764
311.48,21.8502
310.942,22.0246
310.405,22.1996
309.867,22.3754
309.33,22.5518
308.793,22.729
308.256,22.9067
307.72,23.0852
307.183,23.2643
306.647,23.4442
306.111,23.6246
305.575,23.8058
305.04,23.9876
304.505,24.17
303.97,24.3532
303.435,24.5371
302.9,24.7216
302.366,24.9068
301.832,25.0927
301.298,25.2792
300.765,25.4664
300.231,25.6542
299.698,25.8428
299.165,26.032
298.633,26.2219
298.1,26.4124
297.568,26.6036
297.036,26.7955
296.504,26.9881
295.973,27.1813
295.442,27.3752
294.911,27.5697
294.38,27.765
293.849,27.9609
293.319,28.1574
292.789,28.3546
292.26,28.5526
291.73,28.7511
291.201,28.9503
290.672,29.1502
290.143,29.3508
289.615,29.552
289.086,29.7538
288.558,29.9564
288.031,30.1596
287.503,30.3634
286.976,30.568
286.449,30.7732
285.922,30.9791
285.396,31.1855
284.87,31.3927
284.344,31.6006
283.818,31.8091
283.293,32.0182
282.768,32.2281
282.243,32.4386
281.718,32.6497
281.194,32.8615
280.67,33.0739
280.146,33.2871
279.623,33.5008
279.099,33.7153
278.576,33.9304
278.054,34.1461
277.531,34.3625
277.009,34.5796
276.487,34.7973
275.966,35.0156
275.444,35.2346
274.923,35.4543
274.402,35.6747
273.882,35.8957
273.362,36.1173
272.842,36.3396
272.322,36.5625
271.803,36.7861
271.283,37.0104
270.765,37.2353
270.246,37.4608
269.728,37.6871
269.21,37.914
268.692,38.1414
268.175,38.3696
267.658,38.5984
267.141,38.8279
266.624,39.058
266.108,39.2888
265.592,39.5202
265.076,39.7522
264.561,39.985
264.046,40.2183
263.531,40.4523
263.017,40.687
262.502,40.9222
261.988,41.1582
261.475,41.3947
260.961,41.632
260.448,41.8699
259.936,42.1084
259.423,42.3475
258.911,42.5874
258.399,42.8278
257.888,43.0689
257.377,43.3106
256.866,43.553
256.355,43.7961
255.845,44.0397
255.335,44.284
254.825,44.529
254.316,44.7745
253.807,45.0208
253.298,45.2676
252.789,45.5152
252.281,45.7633
251.774,46.0121
251.266,46.2615
250.759,46.5115
250.252,46.7622
249.745,47.0135
249.239,47.2655
248.733,47.5181
248.228,47.7714
247.722,48.0252
247.217,48.2797
246.713,48.5349
246.208,48.7906
245.704,49.0471
245.201,49.3041
244.697,49.5618
244.194,49.8201
243.692,50.079
243.189,50.3386
242.687,50.5988
242.185,50.8596
241.684,51.1211
241.183,51.3832
240.682,51.6459
240.182,51.9092
239.682,52.1732
239.182,52.4378
238.682,52.7031
238.183,52.9689
237.685,53.2354
237.186,53.5026
236.688,53.7703
236.19,54.0387
235.693,54.3076
235.196,54.5773
234.699,54.8475
234.203,55.1184
233.707,55.3899
233.211,55.662
232.716,55.9347
232.22,56.2081
231.726,56.4821
231.231,56.7567
230.737,57.0319
230.244,57.3077
229.75,57.5842
229.258,57.8613
228.765,58.139
228.273,58.4173
227.781,58.6962
227.289,58.9758
226.798,59.256
226.307,59.5368
225.817,59.8181
225.327,60.1002
224.837,60.3828
224.347,60.6661
223.858,60.95
223.37,61.2345
222.881,61.5196
222.393,61.8052
221.906,62.0916
221.418,62.3785
220.931,62.666
220.445,62.9542
219.959,63.243
219.473,63.5324
218.987,63.8224
218.502,64.113
218.017,64.4042
217.533,64.6961
217.049,64.9885
216.565,65.2815
216.082,65.5752
215.599,65.8694
215.117,66.1642
214.635,66.4597
214.153,66.7558
213.671,67.0525
213.19,67.3498
212.71,67.6476
212.229,67.9461
211.75,68.2452
211.27,68.5449
210.791,68.8452
210.312,69.1461
209.834,69.4476
209.356,69.7498
208.878,70.0524
208.401,70.3557
207.924,70.6596
207.447,70.9641
206.971,71.2692
206.495,71.5749
206.02,71.8813
205.545,72.1881
205.071,72.4956
204.596,72.8037
204.123,73.1124
203.649,73.4216
203.176,73.7315
202.703,74.042
202.231,74.353
201.759,74.6647
201.288,74.9769
200.817,75.2898
200.346,75.6032
199.876,75.9172
199.406,76.2318
198.936,76.5471
198.467,76.8628
197.999,77.1792
197.53,77.4962
197.063,77.8137
196.595,78.1319
196.128,78.4506
195.661,78.77
195.195,79.0898
194.729,79.4103
194.263,79.7314
193.798,80.053
193.334,80.3753
192.869,80.6982
192.406,81.0216
191.942,81.3455
191.479,81.6701
191.016,81.9953
190.554,82.321
190.092,82.6473
189.631,82.9742
189.17,83.3017
188.709,83.6298
188.249,83.9584
187.789,84.2876
187.33,84.6174
186.871,84.9478
186.412,85.2787
185.954,85.6103
185.497,85.9423
185.039,86.275
184.582,86.6082
184.126,86.942
183.67,87.2765
183.214,87.6114
182.759,87.947
182.305,88.2831
181.85,88.6198
181.396,88.957
180.943,89.2948
180.49,89.6332
180.037,89.9722
179.585,90.3117
179.133,90.6518
178.682,90.9925
178.231,91.3337
177.78,91.6755
177.33,92.0179
176.881,92.3608
176.431,92.7043
175.983,93.0483
175.534,93.393
175.086,93.7382
174.639,94.084
174.192,94.4302
173.745,94.7771
173.299,95.1245
172.853,95.4725
172.408,95.821
171.963,96.1702
171.519,96.5199
171.075,96.8701
170.631,97.2209
170.188,97.5722
169.746,97.9241
169.303,98.2766
168.862,98.6296
168.42,98.9832
167.979,99.3372
167.539,99.692
167.099,100.047
166.659,100.403
166.22,100.759
165.782,101.116
165.343,101.474
164.906,101.832
164.468,102.19
164.032,102.549
163.595,102.909
163.159,103.269
162.724,103.63
162.289,103.991
161.854,104.353
161.42,104.715
160.986,105.078
160.553,105.442
160.12,105.806
159.688,106.17
159.256,106.535
158.825,106.901
158.394,107.267
157.963,107.634
157.533,108.001
157.104,108.369
156.675,108.737
156.246,109.106
155.818,109.475
155.39,109.845
154.963,110.216
154.536,110.587
154.11,110.958
153.684,111.331
153.259,111.703
152.834,112.076
152.41,112.45
151.986,112.824
151.562,113.199
151.139,113.574
150.717,113.95
150.295,114.326
149.873,114.703
149.452,115.081
149.031,115.459
148.611,115.837
148.192,116.216
147.772,116.596
147.354,116.976
146.935,117.356
146.518,117.737
146.1,118.119
145.683,118.501
145.267,118.884
144.851,119.267
144.436,119.651
144.021,120.035
143.607,120.42
143.193,120.805
142.779,121.191
142.366,121.577
141.954,121.964
141.542,122.351
141.13,122.739
140.719,123.128
140.309,123.517
139.899,123.906
139.489,124.296
139.08,124.686
138.672,125.077
138.264,125.469
137.856,125.861
137.449,126.253
137.042,126.646
136.636,127.04
136.231,127.434
135.826,127.829
135.421,128.224
135.017,128.619
134.613,129.015
134.21,129.412
133.808,129.809
133.405,130.206
133.004,130.605
132.603,131.003
132.202,131.402
131.802,131.802
131.402,132.202
131.003,132.603
130.605,133.004
130.207,133.405
129.809,133.808
129.412,134.21
129.015,134.613
128.619,135.017
128.224,135.421
127.829,135.826
127.434,136.231
127.04,136.636
126.647,137.042
126.253,137.449
125.861,137.856
125.469,138.264
125.077,138.672
124.687,139.08
124.296,139.489
123.906,139.899
123.517,140.309
123.128,140.719
122.739,141.13
122.352,141.542
121.964,141.954
121.577,142.366
121.191,142.779
120.805,143.193
120.42,143.607
120.035,144.021
119.651,144.436
119.267,144.851
118.884,145.267
118.501,145.683
118.119,146.1
117.737,146.518
117.356,146.935
116.976,147.354
116.596,147.772
116.216,148.191
115.837,148.611
115.459,149.031
115.081,149.452
114.703,149.873
114.327,150.295
113.95,150.717
113.574,151.139
113.199,151.562
112.824,151.986
112.45,152.41
112.076,152.834
111.703,153.259
111.331,153.684
110.958,154.11
110.587,154.536
110.216,154.963
109.845,155.39
109.475,155.818
109.106,156.246
108.737,156.675
108.369,157.104
108.001,157.533
107.634,157.963
107.267,158.394
106.901,158.825
106.535,159.256
106.17,159.688
105.806,160.12
105.442,160.553
105.078,160.986
104.715,161.42
104.353,161.854
103.991,162.289
103.63,162.724
103.269,163.159
102.909,163.595
102.549,164.031
102.19,164.468
101.832,164.906
101.474,165.343
101.116,165.782
100.759,166.22
100.403,166.659
100.047,167.099
99.692,167.539
99.3373,167.979
98.9832,168.42
98.6296,168.861
98.2767,169.303
97.9241,169.746
97.5723,170.188
97.2209,170.631
96.8701,171.075
96.5199,171.519
96.1702,171.963
95.8211,172.408
95.4726,172.853
95.1245,173.299
94.7771,173.745
94.4303,174.192
94.0839,174.639
93.7382,175.086
93.3931,175.534
93.0484,175.983
92.7043,176.431
92.3608,176.881
92.0179,177.33
91.6756,177.78
91.3337,178.231
90.9925,178.682
90.6519,179.133
90.3117,179.585
89.9722,180.037
89.6333,180.49
89.2948,180.943
88.9571,181.396
88.6197,181.85
88.2831,182.305
87.947,182.759
87.6114,183.214
87.2765,183.67
86.9421,184.126
86.6082,184.583
86.2751,185.039
85.9424,185.497
85.6102,185.954
85.2788,186.412
84.9479,186.871
84.6174,187.33
84.2877,187.789
83.9584,188.249
83.6298,188.709
83.3018,189.17
82.9742,189.631
82.6474,190.092
82.3211,190.554
81.9953,191.016
81.6702,191.479
81.3456,191.942
81.0215,192.406
80.6982,192.869
80.3754,193.334
80.0531,193.798
79.7314,194.263
79.4103,194.729
79.0898,195.195
78.77,195.661
78.4506,196.128
78.1319,196.595
77.8138,197.062
77.4962,197.53
77.1793,197.999
76.8629,198.467
76.547,198.936
76.2319,199.406
75.9172,199.876
75.6032,200.346
75.2898,200.817
74.9769,201.288
74.6647,201.759
74.3531,202.231
74.042,202.703
73.7315,203.176
73.4217,203.649
73.1124,204.123
72.8037,204.596
72.4957,205.07
72.1881,205.545
71.8813,206.02
71.5749,206.495
71.2693,206.971
70.9642,207.447
70.6596,207.924
70.3557,208.401
70.0525,208.878
69.7497,209.356
69.4477,209.834
69.1462,210.312
68.8452,210.791
68.545,211.27
68.2453,211.749
67.9461,212.229
67.6477,212.71
67.3497,213.19
67.0525,213.671
66.7559,214.153
66.4597,214.635
66.1643,215.117
65.8695,215.599
65.5751,216.082
65.2815,216.565
64.9885,217.049
64.696,217.533
64.4042,218.017
64.113,218.502
63.8224,218.987
63.5324,219.473
63.243,219.959
62.9543,220.445
62.6661,220.931
62.3785,221.418
62.0916,221.906
61.8053,222.393
61.5196,222.881
61.2345,223.37
60.95,223.858
60.6661,224.347
60.3829,224.837
60.1002,225.327
59.8182,225.817
59.5368,226.307
59.256,226.798
58.9758,227.289
58.6963,227.781
58.4173,228.273
58.139,228.765
57.8613,229.257
57.5842,229.751
57.3078,230.244
57.032,230.737
56.7567,231.231
56.4821,231.726
56.208,232.221
55.9347,232.715
55.662,233.211
55.3898,233.707
55.1184,234.203
54.8476,234.699
54.5773,235.196
54.3077,235.693
54.0387,236.19
53.7703,236.688
53.5026,237.186
53.2354,237.685
52.9689,238.183
52.7031,238.682
52.4378,239.182
52.1732,239.681
51.9093,240.182
51.6459,240.682
51.3832,241.183
51.1211,241.684
50.8596,242.185
50.5988,242.687
50.3387,243.189
50.079,243.691
49.8201,244.194
49.5617,244.697
49.3041,245.201
49.0471,245.704
48.7906,246.208
48.5349,246.713
48.2798,247.217
48.0252,247.722
47.7714,248.228
47.5182,248.733
47.2655,249.239
47.0136,249.745
46.7623,250.252
46.5115,250.759
46.2615,251.266
46.012,251.774
45.7633,252.281
45.5152,252.789
45.2676,253.298
45.0208,253.807
44.7746,254.316
44.529,254.825
44.2841,255.335
44.0398,255.845
43.7961,256.355
43.5531,256.866
43.3107,257.376
43.0689,257.888
42.8279,258.399
42.5873,258.911
42.3476,259.423
42.1085,259.936
41.8699,260.448
41.632,260.961
41.3948,261.475
41.1582,261.988
40.9223,262.502
40.687,263.016
40.4523,263.531
40.2183,264.046
39.9849,264.561
39.7522,265.076
39.5202,265.592
39.2888,266.108
39.058,266.624
38.8279,267.141
38.5984,267.658
38.3696,268.175
38.1415,268.692
37.9139,269.21
37.6871,269.728
37.4609,270.246
37.2353,270.765
37.0104,271.283
36.7861,271.803
36.5626,272.322
36.3396,272.842
36.1173,273.362
35.8957,273.882
35.6747,274.402
35.4543,274.923
35.2347,275.444
35.0157,275.965
34.7973,276.487
34.5796,277.009
34.3625,277.531
34.1461,278.054
33.9304,278.576
33.7152,279.099
33.5009,279.623
33.2871,280.146
33.0739,280.67
32.8615,281.194
32.6497,281.718
32.4385,282.243
32.2281,282.768
32.0183,283.293
31.8091,283.818
31.6006,284.344
31.3927,284.87
31.1855,285.396
30.9791,285.922
30.7732,286.449
30.568,286.976
30.3635,287.503
30.1596,288.031
29.9564,288.558
29.7539,289.086
29.552,289.615
29.3508,290.143
29.1502,290.672
28.9503,291.201
28.7511,291.73
28.5525,292.26
28.3547,292.789
28.1574,293.319
27.9608,293.85
27.765,294.38
27.5698,294.911
27.3752,295.442
27.1813,295.973
26.9882,296.504
26.7955,297.036
26.6037,297.568
26.4125,298.1
26.2219,298.633
26.032,299.165
25.8428,299.698
25.6543,300.231
25.4664,300.764
25.2792,301.298
25.0927,301.832
24.9068,302.366
24.7216,302.9
24.5371,303.435
24.3533,303.97
24.1701,304.505
23.9876,305.04
23.8057,305.575
23.6246,306.111
23.4442,306.647
23.2643,307.183
23.0852,307.719
22.9068,308.256
22.7289,308.793
22.5518,309.33
22.3755,309.867
22.1996,310.405
22.0246,310.942
21.8502,311.48
21.6764,312.018
21.5034,312.557
21.331,313.095
21.1593,313.634
20.9883,314.173
20.8179,314.712
20.6483,315.252
20.4793,315.791
20.3109,316.331
20.1433,316.871
19.9764,317.412
19.8101,317.952
19.6445,318.493
19.4796,319.034
19.3153,319.575
19.1518,320.116
18.9889,320.658
18.8267,321.199
18.6652,321.741
18.5043,322.284
18.3442,322.826
18.1848,323.368
18.0259,323.911
17.8679,324.454
17.7104,324.997
17.5536,325.54
17.3976,326.084
17.2422,326.628
17.0876,327.172
16.9336,327.716
16.7802,328.26
16.6276,328.805
16.4756,329.349
16.3243,329.894
16.1738,330.439
16.0239,330.984
15.8746,331.53
15.7261,332.075
15.5783,332.621
15.4311,333.167
15.2846,333.713
15.1388,334.26
14.9937,334.806
14.8494,335.353
14.7056,335.9
14.5626,336.447
14.4203,336.994
14.2786,337.542
14.1376,338.09
13.9973,338.637
13.8577,339.185
13.7188,339.733
13.5806,340.282
13.4431,340.83
13.3062,341.379
13.17,341.928
13.0346,342.477
12.8998,343.026
12.7657,343.576
12.6324,344.125
12.4997,344.675
12.3676,345.225
12.2363,345.775
12.1057,346.325
11.9757,346.875
11.8465,347.426
11.7179,347.976
11.5901,348.527
11.4629,349.078
11.3364,349.629
11.2106,350.181
11.0856,350.732
10.9612,351.284
10.8375,351.836
10.7144,352.387
10.5921,352.94
10.4705,353.492
10.3496,354.044
10.2294,354.597
10.1098,355.149
9.99094,355.702
9.8728,356.255
9.75537,356.808
9.63858,357.362
9.52255,357.915
9.40717,358.469
9.29248,359.023
9.17853,359.576
9.06525,360.13
8.95264,360.685
8.84079,361.239
8.72958,361.793
8.61905,362.348
8.50928,362.903
8.40015,363.458
8.29175,364.013
8.18405,364.568
8.07706,365.123
7.97073,365.678
7.86514,366.234
7.76019,366.79
7.65598,367.345
7.55252,367.901
7.44965,368.457
7.34753,369.014
7.24609,369.57
7.14542,370.126
7.04538,370.683
6.94604,371.24
6.84744,371.796
6.74951,372.353
6.65228,372.91
6.55576,373.468
6.45993,374.025
6.36481,374.582
6.27039,375.14
6.1767,375.697
6.08365,376.255
5.99133,376.813
5.89972,377.371
5.80878,377.929
5.71857,378.488
5.62906,379.046
5.54025,379.604
5.45215,380.163
5.36472,380.722
5.27802,381.281
5.19205,381.839
5.10672,382.398
5.02213,382.958
4.93823,383.517
4.85501,384.076
4.77252,384.636
4.69073,385.195
4.60968,385.755
4.5293,386.314
4.44958,386.874
4.37064,387.434
4.29236,387.994
4.21478,388.555
4.13794,389.115
4.06177,389.675
3.98633,390.236
3.91156,390.796
3.83752,391.357
3.76419,391.917
3.69156,392.478
3.61963,393.039
3.54837,393.6
3.47787,394.161
3.40805,394.722
3.33896,395.283
3.27054,395.845
3.20282,396.406
3.13586,396.968
3.06955,397.529
3.00397,398.091
2.93909,398.653
2.87491,399.215
2.81143,399.777
2.74869,400.338
2.68665,400.901
2.62531,401.463
2.56464,402.025
2.5047,402.587
2.44547,403.15
2.38699,403.712
2.32916,404.275
2.27203,404.837
2.21567,405.4
2.15994,405.963
2.10498,406.525
2.05069,407.088
1.99713,407.651
1.94424,408.214
1.89209,408.777
1.84064,409.34
1.78992,409.904
1.73987,410.467
1.69055,411.03
1.64194,411.594
1.59402,412.157
1.54684,412.721
1.50034,413.284
1.45453,413.848
1.40948,414.411
1.36511,414.975
1.32144,415.539
1.2785,416.103
1.23627,416.667
1.1947,417.231
1.1539,417.795
1.1138,418.359
1.07437,418.923
1.03568,419.487
0.997681,420.051
0.960419,420.616
0.923828,421.18
0.88797,421.744
0.852844,422.309
0.818359,422.873
0.784668,423.438
0.751648,424.002
0.719299,424.567
0.687683,425.131
0.65683,425.696
0.626617,426.261
0.597137,426.825
0.56839,427.39
0.540314,427.955
0.51297,428.52
0.486298,429.085
0.460388,429.649
0.435181,430.214
0.410675,430.779
0.386871,431.344
0.3638,431.909
0.3414,432.474
0.319733,433.039
0.298767,433.604
0.278534,434.17
0.259003,434.735
0.240173,435.3
0.222046,435.865
0.204651,436.43
0.187927,436.996
0.171967,437.561
0.156708,438.126
0.14209,438.691
0.128265,439.257
0.115112,439.822
0.102661,440.387
0.0909424,440.953
0.0799561,441.518
0.0696411,442.084
0.0600586,442.649
0.0511475,443.214
0.0429993,443.78
0.035553,444.345
0.0287781,444.911
0.0227356,445.476
0.017395,446.042
0.0127869,446.607
0.00888062,447.173
0.00567627,447.738
0.00320435,448.304
0.00143433,448.869
0.000335693,449.434
0,450
0.000335693,450.565
0.00143433,451.131
0.00320435,451.696
0.00567627,452.262
0.00888062,452.827
0.0127869,453.393
0.017395,453.958
0.0227356,454.524
0.0287781,455.089
0.035553,455.655
0.0429993,456.22
0.0511475,456.786
0.0600586,457.351
0.0696411,457.916
0.0799255,458.482
0.0909424,459.047
0.102661,459.613
0.115112,460.178
0.128265,460.743
0.14209,461.309
0.156677,461.874
0.171967,462.439
0.187927,463.004
0.20462,463.569
0.222046,464.135
0.240173,464.7
0.259003,465.265
0.278534,465.83
0.298767,466.395
0.319733,466.961
0.3414,467.526
0.3638,468.091
0.386871,468.656
0.410675,469.221
0.43515,469.786
0.460388,470.351
0.486298,470.915
0.512939,471.48
0.540314,472.045
0.568359,472.61
0.597137,473.175
0.626617,473.739
0.656799,474.304
0.687683,474.869
0.719299,475.433
0.751617,475.998
0.784668,476.562
0.818359,477.127
0.852814,477.691
0.88797,478.256
0.923828,478.82
0.960388,479.384
0.997681,479.949
1.03568,480.513
1.07437,481.077
1.1138,481.641
1.1539,482.205
1.1947,482.769
1.23627,483.333
1.27847,483.897
1.32144,484.461
1.36511,485.025
1.40948,485.588
1.45456,486.152
1.50031,486.716
1.54684,487.279
1.59402,487.843
1.64191,488.406
1.69055,488.97
1.73987,489.533
1.78989,490.096
1.84064,490.66
1.89209,491.223
1.94424,491.786
1.99713,492.349
2.05069,492.912
2.10495,493.474
2.15994,494.037
2.21564,494.6
2.27203,495.163
2.32916,495.725
2.38696,496.288
2.44547,496.85
2.5047,497.413
2.56464,497.975
2.62531,498.537
2.68665,499.099
2.74869,499.661
2.81143,500.223
2.87491,500.785
2.93906,501.347
3.00397,501.909
3.06955,502.471
3.13586,503.032
3.20282,503.594
3.27054,504.155
3.33896,504.717
3.40805,505.278
3.47784,505.839
3.54837,506.4
3.61963,506.961
3.69153,507.522
3.76419,508.083
3.83752,508.643
3.91156,509.204
3.98633,509.764
4.06174,510.325
4.13794,510.885
4.21478,511.445
4.29233,512.006
4.37064,512.566
4.44958,513.126
4.52927,513.685
4.60968,514.245
4.69073,514.805
4.77252,515.364
4.85501,515.924
4.9382,516.483
5.02213,517.042
5.10672,517.602
5.19202,518.16
5.27802,518.719
5.36472,519.278
5.45212,519.837
5.54025,520.396
5.62906,520.954
5.71854,521.512
5.80878,522.071
5.89972,522.629
5.9913,523.187
6.08365,523.745
6.17664,524.302
6.27039,524.86
6.36481,525.418
6.4599,525.975
6.55579,526.532
6.65228,527.09
6.74948,527.646
6.84744,528.204
6.94604,528.76
7.04535,529.317
7.14542,529.874
7.24609,530.43
7.34756,530.986
7.44965,531.543
7.55246,532.099
7.65601,532.655
7.76019,533.21
7.86508,533.766
7.97073,534.322
8.07706,534.877
8.18405,535.432
8.29175,535.987
8.40018,536.542
8.50925,537.097
8.61905,537.652
8.72955,538.206
8.84079,538.761
8.95264,539.315
9.06519,539.869
9.17853,540.424
9.29248,540.977
9.40717,541.531
9.52255,542.085
9.63858,542.638
9.75534,543.191
9.8728,543.745
9.99094,544.298
10.1098,544.85
10.2294,545.403
10.3496,545.956
10.4705,546.508
10.5921,547.06
10.7144,547.612
10.8375,548.164
10.9612,548.716
11.0855,549.268
11.2107,549.819
11.3364,550.371
11.4629,550.922
11.5901,551.473
11.7179,552.024
11.8465,552.574
11.9757,553.125
12.1057,553.675
12.2363,554.225
12.3676,554.775
12.4996,555.325
12.6324,555.875
12.7657,556.424
12.8997,556.974
13.0346,557.523
13.17,558.072
13.3062,558.621
13.4431,559.17
13.5805,559.718
13.7188,560.267
13.8577,560.815
13.9973,561.363
14.1376,561.911
14.2786,562.458
14.4202,563.005
14.5626,563.553
14.7056,564.1
14.8493,564.647
14.9937,565.194
15.1388,565.74
15.2846,566.286
15.4311,566.833
15.5782,567.379
15.7261,567.925
15.8746,568.47
16.0238,569.016
16.1738,569.561
16.3243,570.106
16.4756,570.651
16.6276,571.195
16.7802,571.74
16.9335,572.284
17.0876,572.828
17.2422,573.372
17.3976,573.916
17.5536,574.46
17.7104,575.003
17.8679,575.546
18.0259,576.089
18.1847,576.632
18.3442,577.174
18.5043,577.716
18.6652,578.259
18.8267,578.801
18.9889,579.342
19.1518,579.884
19.3153,580.425
19.4796,580.966
19.6445,581.507
19.8101,582.048
19.9763,582.588
20.1433,583.129
20.3109,583.669
20.4792,584.208
20.6483,584.748
20.8179,585.288
20.9882,585.827
21.1593,586.366
21.331,586.905
21.5033,587.443
21.6764,587.982
21.8501,588.52
22.0246,589.058
22.1996,589.595
22.3754,590.133
22.5518,590.67
22.7289,591.207
22.9067,591.744
23.0852,592.281
23.2643,592.817
23.4441,593.353
23.6246,593.889
23.8057,594.425
23.9875,594.96
24.1701,595.495
24.3532,596.03
24.5371,596.565
24.7216,597.1
24.9068,597.634
25.0927,598.168
25.2792,598.702
25.4663,599.235
25.6543,599.769
25.8428,600.302
26.032,600.835
26.2219,601.367
26.4124,601.9
26.6037,602.432
26.7955,602.964
26.9881,603.496
27.1813,604.027
27.3752,604.558
27.5697,605.089
27.765,605.62
27.9609,606.15
28.1574,606.681
28.3547,607.211
28.5526,607.74
28.7511,608.27
28.9503,608.799
29.1502,609.328
29.3508,609.857
29.552,610.385
29.7538,610.913
29.9564,611.442
30.1596,611.969
30.3634,612.497
30.568,613.024
30.7732,613.551
30.979,614.077
31.1855,614.604
31.3927,615.13
31.6005,615.656
31.8091,616.182
32.0182,616.707
32.2281,617.232
32.4385,617.757
32.6497,618.282
32.8615,618.806
33.0739,619.33
33.287,619.854
33.5009,620.377
33.7152,620.901
33.9303,621.423
34.1461,621.946
34.3625,622.469
34.5796,622.991
34.7973,623.513
35.0156,624.034
35.2347,624.556
35.4543,625.077
35.6747,625.598
35.8957,626.118
36.1173,626.638
36.3396,627.158
36.5626,627.678
36.7861,628.197
37.0103,628.716
37.2354,629.235
37.4608,629.754
37.6871,630.272
37.914,630.79
38.1414,631.308
38.3696,631.825
38.5984,632.342
38.8279,632.859
39.058,633.376
39.2888,633.892
39.5201,634.408
39.7523,634.924
39.9849,635.439
40.2183,635.954
40.4523,636.469
40.687,636.983
40.9223,637.498
41.1582,638.012
41.3947,638.525
41.632,639.039
41.8699,639.552
42.1083,640.064
42.3476,640.577
42.5874,641.089
42.8278,641.601
43.0689,642.112
43.3106,642.623
43.5531,643.134
43.7961,643.645
44.0397,644.155
44.2841,644.665
44.529,645.175
44.7745,645.684
45.0208,646.193
45.2676,646.702
45.5151,647.21
45.7633,647.719
46.012,648.226
46.2614,648.734
46.5115,649.241
46.7622,649.748
47.0136,650.255
47.2655,650.761
47.5181,651.267
47.7714,651.772
48.0252,652.278
48.2797,652.783
48.5349,653.287
48.7906,653.792
49.047,654.296
49.3041,654.799
49.5617,655.303
49.82,655.806
50.079,656.309
50.3386,656.811
50.5988,657.313
50.8596,657.815
51.1211,658.316
51.3832,658.817
51.6459,659.318
51.9092,659.818
52.1732,660.318
52.4378,660.818
52.703,661.318
52.969,661.817
53.2354,662.315
53.5026,662.814
53.7703,663.312
54.0386,663.81
54.3077,664.307
54.5773,664.804
54.8475,665.301
55.1184,665.797
55.3899,666.293
55.6619,666.789
55.9347,667.285
56.208,667.779
56.482,668.274
56.7567,668.769
57.0319,669.262
57.3078,669.756
57.5842,670.25
57.8612,670.742
58.139,671.235
58.4173,671.727
58.6962,672.219
58.9758,672.711
59.256,673.202
59.5367,673.693
59.8182,674.183
60.1002,674.673
60.3828,675.163
60.6661,675.653
60.9499,676.142
61.2345,676.63
61.5196,677.119
61.8052,677.607
62.0916,678.094
62.3785,678.582
62.666,679.069
62.9543,679.555
63.243,680.041
63.5323,680.527
63.8224,681.013
64.113,681.498
64.4043,681.983
64.696,682.467
64.9884,682.951
65.2815,683.435
65.5752,683.918
65.8694,684.401
66.1643,684.883
66.4597,685.365
66.7558,685.847
67.0525,686.329
67.3497,686.81
67.6476,687.29
67.9461,687.771
68.2452,688.25
68.545,688.73
68.8452,689.209
69.1461,689.688
69.4477,690.166
69.7497,690.644
70.0524,691.122
70.3558,691.599
70.6596,692.076
70.9641,692.553
71.2693,693.029
71.5749,693.505
71.8812,693.98
72.1881,694.455
72.4956,694.929
72.8037,695.404
73.1124,695.877
73.4216,696.351
73.7316,696.824
74.042,697.297
74.353,697.769
74.6647,698.241
74.9769,698.712
75.2897,699.183
75.6032,699.654
75.9172,700.124
76.2319,700.594
76.5471,701.063
76.8628,701.533
77.1793,702.001
77.4962,702.47
77.8137,702.937
78.1319,703.405
78.4506,703.872
78.7699,704.339
79.0898,704.805
79.4103,705.271
79.7313,705.736
80.0531,706.202
80.3753,706.666
80.6982,707.131
81.0215,707.594
81.3455,708.058
81.6702,708.521
81.9953,708.984
82.321,709.446
82.6474,709.908
82.9742,710.369
83.3016,710.83
83.6298,711.291
83.9584,711.751
84.2875,712.211
84.6174,712.67
84.9477,713.129
85.2788,713.588
85.6102,714.046
85.9423,714.503
86.2751,714.961
86.6082,715.417
86.942,715.874
87.2765,716.33
87.6114,716.786
87.9469,717.241
88.2831,717.695
88.6197,718.15
88.9569,718.604
89.2948,719.057
89.6332,719.51
89.9722,719.963
90.3117,720.415
90.6518,720.867
90.9925,721.318
91.3337,721.769
91.6755,722.22
92.0179,722.67
92.3608,723.119
92.7043,723.569
93.0484,724.017
93.393,724.466
93.7382,724.914
94.0839,725.361
94.4302,725.808
94.7771,726.255
95.1245,726.701
95.4725,727.147
95.8211,727.592
96.1702,728.037
96.5198,728.481
96.8701,728.925
97.2209,729.369
97.5721,729.812
97.9241,730.255
98.2766,730.697
98.6296,731.139
98.9832,731.58
99.3372,732.021
99.692,732.461
100.047,732.901
100.403,733.341
100.759,733.78
101.116,734.218
101.474,734.656
101.832,735.094
102.19,735.532
102.549,735.968
102.909,736.405
103.269,736.841
103.63,737.276
103.991,737.711
104.353,738.146
104.715,738.58
105.078,739.014
105.442,739.447
105.806,739.88
106.17,740.312
106.535,740.744
106.901,741.175
107.267,741.606
107.634,742.037
108.001,742.467
108.369,742.896
108.737,743.325
109.106,743.754
109.475,744.182
109.845,744.61
110.216,745.037
110.587,745.464
110.958,745.89
111.331,746.316
111.703,746.741
112.076,747.166
112.45,747.59
112.824,748.014
113.199,748.438
113.574,748.861
113.95,749.283
114.326,749.705
114.703,750.127
115.081,750.548
115.459,750.969
115.837,751.389
116.216,751.808
116.596,752.228
116.976,752.646
117.356,753.065
117.737,753.482
118.119,753.9
118.501,754.317
118.884,754.733
119.267,755.149
119.651,755.564
120.035,755.979
120.42,756.393
120.805,756.807
121.191,757.221
121.577,757.634
121.964,758.046
122.352,758.458
122.739,758.87
123.128,759.281
123.517,759.691
123.906,760.101
124.296,760.511
124.687,760.92
125.077,761.328
125.469,761.736
125.861,762.144
126.253,762.551
126.646,762.958
127.04,763.364
127.434,763.769
127.829,764.174
128.224,764.579
128.619,764.983
129.015,765.387
129.412,765.79
129.809,766.192
130.207,766.595
130.605,766.996
131.003,767.397
131.402,767.798
131.802,768.198
132.202,768.598
132.603,768.997
133.004,769.395
133.405,769.794
133.807,770.191
134.21,770.588
134.613,770.985
135.017,771.381
135.421,771.776
135.826,772.171
136.231,772.566
136.636,772.96
137.042,773.354
137.449,773.747
137.856,774.139
138.264,774.531
138.672,774.922
139.08,775.314
139.489,775.704
139.899,776.094
140.309,776.483
140.719,776.872
141.13,777.261
141.542,777.649
141.954,778.036
142.366,778.423
142.779,778.809
143.193,779.195
143.607,779.58
144.021,779.965
144.436,780.349
144.851,780.733
145.267,781.116
145.683,781.499
146.1,781.881
146.517,782.263
146.935,782.644
147.354,783.024
147.772,783.404
148.191,783.784
148.611,784.163
149.031,784.541
149.452,784.919
149.873,785.297
150.295,785.673
150.717,786.05
151.139,786.426
151.562,786.801
151.986,787.176
152.41,787.55
152.834,787.924
153.259,788.297
153.684,788.669
154.11,789.042
154.536,789.413
154.963,789.784
155.39,790.155
155.818,790.525
156.246,790.894
156.675,791.263
157.104,791.631
157.533,791.999
157.963,792.366
158.394,792.733
158.825,793.099
159.256,793.465
159.688,793.83
160.12,794.194
160.553,794.558
160.986,794.922
161.42,795.285
161.854,795.647
162.289,796.009
162.724,796.37
163.159,796.731
163.595,797.091
164.032,797.451
164.468,797.81
164.906,798.168
165.343,798.526
165.782,798.884
166.22,799.241
166.659,799.597
167.099,799.953
167.539,800.308
167.979,800.663
168.42,801.017
168.862,801.37
169.303,801.723
169.745,802.076
170.188,802.428
170.631,802.779
171.075,803.13
171.519,803.48
171.963,803.83
172.408,804.179
172.853,804.527
173.299,804.875
173.745,805.223
174.192,805.57
174.639,805.916
175.086,806.262
175.534,806.607
175.982,806.952
176.431,807.296
176.881,807.639
177.33,807.982
177.78,808.324
178.231,808.666
178.682,809.008
179.133,809.348
179.585,809.688
180.037,810.028
180.49,810.367
180.943,810.705
181.396,811.043
181.85,811.38
182.304,811.717
182.759,812.053
183.214,812.389
183.67,812.724
184.126,813.058
184.582,813.392
185.039,813.725
185.497,814.058
185.954,814.39
186.412,814.721
186.871,815.052
187.33,815.383
187.789,815.712
188.249,816.042
188.709,816.37
189.17,816.698
189.631,817.026
190.092,817.353
190.554,817.679
191.016,818.005
191.479,818.33
191.942,818.654
192.405,818.978
192.869,819.302
193.334,819.625
193.798,819.947
194.263,820.269
194.729,820.59
195.195,820.91
195.661,821.23
196.128,821.549
196.595,821.868
197.062,822.186
197.53,822.504
197.999,822.821
198.467,823.137
198.936,823.453
199.406,823.768
199.876,824.083
200.346,824.397
200.817,824.71
201.288,825.023
201.759,825.335
202.231,825.647
202.703,825.958
203.176,826.268
203.649,826.578
204.122,826.888
204.596,827.196
205.07,827.504
205.545,827.812
206.02,828.119
206.495,828.425
206.971,828.731
207.447,829.036
207.924,829.34
208.401,829.644
208.878,829.948
209.355,830.25
209.834,830.552
210.312,830.854
210.791,831.155
211.27,831.455
211.749,831.755
212.229,832.054
212.71,832.352
213.19,832.65
213.671,832.948
214.153,833.244
214.635,833.54
215.117,833.836
215.599,834.131
216.082,834.425
216.566,834.719
217.049,835.011
217.533,835.304
218.017,835.596
218.502,835.887
218.987,836.177
219.473,836.468
219.959,836.757
220.445,837.046
220.931,837.334
221.418,837.621
221.906,837.908
222.393,838.195
222.881,838.48
223.37,838.766
223.858,839.05
224.347,839.334
224.837,839.617
225.327,839.9
225.817,840.182
226.307,840.463
226.798,840.744
227.289,841.024
227.781,841.304
228.273,841.583
228.765,841.861
229.258,842.139
229.75,842.416
230.244,842.692
230.737,842.968
231.231,843.243
231.726,843.518
232.22,843.792
232.716,844.065
233.211,844.338
233.706,844.61
234.203,844.882
234.699,845.152
235.196,845.423
235.693,845.692
236.19,845.961
236.688,846.23
237.186,846.497
237.684,846.765
238.183,847.031
238.682,847.297
239.182,847.562
239.682,847.827
240.182,848.091
240.682,848.354
241.183,848.617
241.684,848.879
242.185,849.14
242.687,849.401
243.189,849.661
243.691,849.921
244.194,850.18
244.697,850.438
245.2,850.696
245.704,850.953
246.208,851.209
246.713,851.465
247.217,851.72
247.722,851.975
248.228,852.229
248.733,852.482
249.239,852.734
249.745,852.986
250.252,853.238
250.759,853.488
251.266,853.739
251.773,853.988
252.281,854.237
252.789,854.485
253.298,854.732
253.807,854.979
254.316,855.225
254.825,855.471
255.335,855.716
255.845,855.96
256.355,856.204
256.866,856.447
257.377,856.689
257.888,856.931
258.399,857.172
258.911,857.413
259.423,857.652
259.936,857.892
260.448,858.13
260.961,858.368
261.475,858.605
261.988,858.842
262.502,859.078
263.016,859.313
263.531,859.548
264.046,859.782
264.561,860.015
265.076,860.248
265.592,860.48
266.108,860.711
266.624,860.942
267.141,861.172
267.657,861.401
268.175,861.63
268.692,861.859
269.21,862.086
269.728,862.313
270.246,862.539
270.764,862.765
271.283,862.99
271.802,863.214
272.322,863.438
272.842,863.66
273.362,863.883
273.882,864.104
274.402,864.325
274.923,864.546
275.444,864.765
275.966,864.984
276.487,865.203
277.009,865.42
277.531,865.637
278.054,865.854
278.576,866.07
279.099,866.285
279.623,866.499
280.146,866.713
280.67,866.926
281.194,867.139
281.718,867.35
282.243,867.561
282.768,867.772
283.293,867.982
283.818,868.191
284.344,868.399
284.87,868.607
285.396,868.814
285.922,869.021
286.449,869.227
286.976,869.432
287.503,869.637
288.031,869.84
288.559,870.044
289.086,870.246
289.615,870.448
290.143,870.649
290.672,870.85
291.201,871.05
291.73,871.249
292.259,871.447
292.789,871.645
293.319,871.843
293.849,872.039
294.38,872.235
294.911,872.43
295.442,872.625
295.973,872.819
296.504,873.012
297.036,873.204
297.568,873.396
298.1,873.588
298.632,873.778
299.165,873.968
299.698,874.157
300.231,874.346
300.765,874.534
301.298,874.721
301.832,874.907
302.366,875.093
302.9,875.278
303.435,875.463
303.97,875.647
304.505,875.83
305.04,876.012
305.575,876.194
306.111,876.375
306.647,876.556
307.183,876.736
307.72,876.915
308.256,877.093
308.793,877.271
309.33,877.448
309.867,877.625
310.405,877.8
310.942,877.975
311.48,878.15
312.018,878.324
312.557,878.497
313.095,878.669
313.634,878.841
314.173,879.012
314.712,879.182
315.252,879.352
315.791,879.521
316.331,879.689
316.871,879.857
317.412,880.024
317.952,880.19
318.493,880.355
319.034,880.52
319.575,880.685
320.116,880.848
320.658,881.011
321.199,881.173
321.741,881.335
322.283,881.496
322.826,881.656
323.368,881.815
323.911,881.974
324.454,882.132
324.997,882.29
325.54,882.446
326.084,882.602
326.628,882.758
327.172,882.912
327.716,883.066
328.26,883.22
328.805,883.372
329.349,883.524
329.894,883.676
330.439,883.826
330.984,883.976
331.53,884.125
332.076,884.274
332.621,884.422
333.167,884.569
333.714,884.715
334.26,884.861
334.806,885.006
335.353,885.151
335.9,885.294
336.447,885.438
336.994,885.58
337.542,885.721
338.09,885.862
338.637,886.003
339.185,886.142
339.734,886.281
340.282,886.419
340.83,886.557
341.379,886.694
341.928,886.83
342.477,886.965
343.026,887.1
343.575,887.234
344.125,887.368
344.675,887.5
345.224,887.632
345.775,887.764
346.325,887.894
346.875,888.024
347.426,888.154
347.976,888.282
348.527,888.41
349.078,888.537
349.629,888.664
350.181,888.789
350.732,888.914
351.284,889.039
351.836,889.163
352.387,889.286
352.939,889.408
353.492,889.529
354.044,889.65
354.597,889.771
355.15,889.89
355.702,890.009
356.255,890.127
356.809,890.245
357.362,890.361
357.915,890.477
358.469,890.593
359.022,890.708
359.577,890.822
360.13,890.935
360.685,891.047
361.239,891.159
361.793,891.27
362.348,891.381
362.903,891.491
363.458,891.6
364.013,891.708
364.568,891.816
365.123,891.923
365.678,892.029
366.234,892.135
366.789,892.24
367.345,892.344
367.901,892.448
368.457,892.55
369.014,892.652
369.57,892.754
370.126,892.855
370.683,892.955
371.24,893.054
371.797,893.153
372.353,893.25
372.91,893.348
373.468,893.444
374.025,893.54
374.582,893.635
375.14,893.73
375.698,893.823
376.255,893.916
376.813,894.009
377.371,894.1
377.929,894.191
378.488,894.281
379.046,894.371
379.605,894.46
380.163,894.548
380.722,894.635
381.281,894.722
381.839,894.808
382.398,894.893
382.958,894.978
383.517,895.062
384.076,895.145
384.636,895.227
385.195,895.309
385.755,895.39
386.315,895.471
386.874,895.55
387.434,895.629
387.994,895.708
388.554,895.785
389.115,895.862
389.675,895.938
390.235,896.014
390.796,896.088
391.357,896.162
391.917,896.236
392.478,896.308
393.039,896.38
393.6,896.452
394.161,896.522
394.722,896.592
395.284,896.661
395.845,896.729
396.406,896.797
396.968,896.864
397.529,896.93
398.091,896.996
398.653,897.061
399.215,897.125
399.776,897.189
400.339,897.251
400.901,897.313
401.463,897.375
402.025,897.435
402.587,897.495
403.15,897.555
403.712,897.613
404.275,897.671
404.837,897.728
405.4,897.784
405.962,897.84
406.525,897.895
407.088,897.949
407.651,898.003
408.214,898.056
408.777,898.108
409.341,898.159
409.904,898.21
410.467,898.26
411.03,898.309
411.594,898.358
412.157,898.406
412.721,898.453
413.284,898.5
413.848,898.545
414.412,898.591
414.975,898.635
415.539,898.679
416.103,898.721
416.667,898.764
417.231,898.805
417.795,898.846
418.359,898.886
418.923,898.926
419.487,898.964
420.051,899.002
420.616,899.04
421.18,899.076
421.744,899.112
422.309,899.147
422.873,899.182
423.438,899.215
424.002,899.248
424.567,899.281
425.131,899.312
425.696,899.343
426.26,899.373
426.825,899.403
427.39,899.432
427.955,899.46
428.52,899.487
429.084,899.514
429.649,899.54
430.214,899.565
430.779,899.589
431.344,899.613
431.909,899.636
432.474,899.659
433.039,899.68
433.604,899.701
434.17,899.721
434.735,899.741
435.3,899.76
435.865,899.778
436.43,899.795
436.996,899.812
437.561,899.828
438.126,899.843
438.691,899.858
439.257,899.872
439.822,899.885
440.387,899.897
440.953,899.909
441.518,899.92
442.083,899.93
442.649,899.94
443.214,899.949
443.78,899.957
444.345,899.964
444.911,899.971
445.476,899.977
446.042,899.983
446.607,899.987
447.173,899.991
447.738,899.994
448.303,899.997
448.869,899.999
449.434,900
