5000
0,0
0.18,0
0.36,0
0.54,0
0.72,0
0.9,0
1.08,0
1.26,0
1.44,0
1.62,0
1.8,0
1.98,0
2.16,0
2.34,0
2.52,0
2.7,0
2.88,0
3.06,0
3.24,0
3.42,0
3.6,0
3.78,0
3.96,0
4.14,0
4.32,0
4.5,0
4.68,0
4.86,0
5.04,0
5.22,0
5.4,0
5.58,0
5.76,0
5.94,0
6.12,0
6.3,0
6.48,0
6.66,0
6.84,0
7.02,0
7.2,0
7.38,0
7.56,0
7.74,0
7.92,0
8.1,0
8.28,0
8.46,0
8.64,0
8.82,0
9,0
9.18,0
9.36,0
9.54,0
9.72,0
9.9,0
10.08,0
10.26,0
10.44,0
10.62,0
10.8,0
10.98,0
11.16,0
11.34,0
11.52,0
11.7,0
11.88,0
12.06,0
12.24,0
12.42,0
12.6,0
12.78,0
12.96,0
13.14,0
13.32,0
13.5,0
13.68,0
13.86,0
14.04,0
14.22,0
14.4,0
14.58,0
14.76,0
14.94,0
15.12,0
15.3,0
15.48,0
15.66,0
15.84,0
16.02,0
16.2,0
16.38,0
16.56,0
16.74,0
16.92,0
17.1,0
17.28,0
17.46,0
17.64,0
17.82,0
18,0
18.18,0
18.36,0
18.54,0
18.72,0
18.9,0
19.08,0
19.26,0
19.44,0
19.62,0
19.8,0
19.98,0
20.16,0
20.34,0
20.52,0
20.7,0
20.88,0
21.06,0
21.24,0
21.42,0
21.6,0
21.78,0
21.96,0
22.14,0
22.32,0
22.5,0
22.68,0
22.86,0
23.04,0
23.22,0
23.4,0
23.58,0
23.76,0
23.94,0
24.12,0
24.3,0
24.48,0
24.66,0
24.84,0
25.02,0
25.2,0
25.38,0
25.56,0
25.74,0
25.92,0
26.1,0
26.28,0
26.46,0
26.64,0
26.82,0
27,0
27.18,0
27.36,0
27.54,0
27.72,0
27.9,0
28.08,0
28.26,0
28.44,0
28.62,0
28.8,0
28.98,0
29.16,0
29.34,0
29.52,0
29.7,0
29.88,0
30.06,0
30.24,0
30.42,0
30.6,0
30.78,0
30.96,0
31.14,0
31.32,0
31.5,0
31.68,0
31.86,0
32.04,0
32.22,0
32.4,0
32.58,0
32.76,0
32.94,0
33.12,0
33.3,0
33.48,0
33.66,0
33.84,0
34.02,0
34.2,0
34.38,0
34.56,0
34.74,0
34.92,0
35.1,0
35.28,0
35.46,0
35.64,0
35.82,0
36,0
36.18,0
36.36,0
36.54,0
36.72,0
36.9,0
37.08,0
37.26,0
37.44,0
37.62,0
37.8,0
37.98,0
38.16,0
38.34,0
38.52,0
38.7,0
38.88,0
39.06,0
39.24,0
39.42,0
39.6,0
39.78,0
39.96,0
40.14,0
40.32,0
40.5,0
40.68,0
40.86,0
41.04,0
41.22,0
41.4,0
41.58,0
41.76,0
41.94,0
42.12,0
42.3,0
42.48,0
42.66,0
42.84,0
43.02,0
43.2,0
43.38,0
43.56,0
43.74,0
43.92,0
44.1,0
44.28,0
44.46,0
44.64,0
44.82,0
45,0
45.18,0
45.36,0
45.54,0
45.72,0
45.9,0
46.08,0
46.26,0
46.44,0
46.62,0
46.8,0
46.98,0
47.16,0
47.34,0
47.52,0
47.7,0
47.88,0
48.06,0
48.24,0
48.42,0
48.6,0
48.78,0
48.96,0
49.14,0
49.32,0
49.5,0
49.68,0
49.86,0
50.04,0
50.22,0
50.4,0
50.58,0
50.76,0
50.94,0
51.12,0
51.3,0
51.48,0
51.66,0
51.84,0
52.02,0
52.2,0
52.38,0
52.56,0
52.74,0
52.92,0
53.1,0
53.28,0
53.46,0
53.64,0
53.82,0
54,0
54.18,0
54.36,0
54.54,0
54.72,0
54.9,0
55.08,0
55.26,0
55.44,0
55.62,0
55.8,0
55.98,0
56.16,0
56.34,0
56.52,0
56.7,0
56.88,0
57.06,0
57.24,0
57.42,0
57.6,0
57.78,0
57.96,0
58.14,0
58.32,0
58.5,0
58.68,0
58.86,0
59.04,0
59.22,0
59.4,0
59.58,0
59.76,0
59.94,0
60.12,0
60.3,0
60.48,0
60.66,0
60.84,0
61.02,0
61.2,0
61.38,0
61.56,0
61.74,0
61.92,0
62.1,0
62.28,0
62.46,0
62.64,0
62.82,0
63,0
63.18,0
63.36,0
63.54,0
63.72,0
63.9,0
64.08,0
64.26,0
64.44,0
64.62,0
64.8,0
64.98,0
65.16,0
65.34,0
65.52,0
65.7,0
65.88,0
66.06,0
66.24,0
66.42,0
66.6,0
66.78,0
66.96,0
67.14,0
67.32,0
67.5,0
67.68,0
67.86,0
68.04,0
68.22,0
68.4,0
68.58,0
68.76,0
68.94,0
69.12,0
69.3,0
69.48,0
69.66,0
69.84,0
70.02,0
70.2,0
70.38,0
70.56,0
70.74,0
70.92,0
71.1,0
71.28,0
71.46,0
71.64,0
71.82,0
72,0
72.18,0
72.36,0
72.54,0
72.72,0
72.9,0
73.08,0
73.26,0
73.44,0
73.62,0
73.8,0
73.98,0
74.16,0
74.34,0
74.52,0
74.7,0
74.88,0
75.06,0
75.24,0
75.42,0
75.6,0
75.78,0
75.96,0
76.14,0
76.32,0
76.5,0
76.68,0
76.86,0
77.04,0
77.22,0
77.4,0
77.58,0
77.76,0
77.94,0
78.12,0
78.3,0
78.48,0
78.66,0
78.84,0
79.02,0
79.2,0
79.38,0
79.56,0
79.74,0
79.92,0
80.1,0
80.28,0
80.46,0
80.64,0
80.82,0
81,0
81.18,0
81.36,0
81.54,0
81.72,0
81.9,0
82.08,0
82.26,0
82.44,0
82.62,0
82.8,0
82.98,0
83.16,0
83.34,0
83.52,0
83.7,0
83.88,0
84.06,0
84.24,0
84.42,0
84.6,0
84.78,0
84.96,0
85.14,0
85.32,0
85.5,0
85.68,0
85.86,0
86.04,0
86.22,0
86.4,0
86.58,0
86.76,0
86.94,0
87.12,0
87.3,0
87.48,0
87.66,0
87.84,0
88.02,0
88.2,0
88.38,0
88.56,0
88.74,0
88.92,0
89.1,0
89.28,0
89.46,0
89.64,0
89.82,0
90,0
90.18,0
90.36,0
90.54,0
90.72,0
90.9,0
91.08,0
91.26,0
91.44,0
91.62,0
91.8,0
91.98,0
92.16,0
92.34,0
92.52,0
92.7,0
92.88,0
93.06,0
93.24,0
93.42,0
93.6,0
93.78,0
93.96,0
94.14,0
94.32,0
94.5,0
94.68,0
94.86,0
95.04,0
95.22,0
95.4,0
95.58,0
95.76,0
95.94,0
96.12,0
96.3,0
96.48,0
96.66,0
96.84,0
97.02,0
97.2,0
97.38,0
97.56,0
97.74,0
97.92,0
98.1,0
98.28,0
98.46,0
98.64,0
98.82,0
99,0
99.18,0
99.36,0
99.54,0
99.72,0
99.9,0
100.08,0
100.26,0
100.44,0
100.62,0
100.8,0
100.98,0
101.16,0
101.34,0
101.52,0
101.7,0
101.88,0
102.06,0
102.24,0
102.42,0
102.6,0
102.78,0
102.96,0
103.14,0
103.32,0
103.5,0
103.68,0
103.86,0
104.04,0
104.22,0
104.4,0
104.58,0
104.76,0
104.94,0
105.12,0
105.3,0
105.48,0
105.66,0
105.84,0
106.02,0
106.2,0
106.38,0
106.56,0
106.74,0
106.92,0
107.1,0
107.28,0
107.46,0
107.64,0
107.82,0
108,0
108.18,0
108.36,0
108.54,0
108.72,0
108.9,0
109.08,0
109.26,0
109.44,0
109.62,0
109.8,0
109.98,0
110.16,0
110.34,0
110.52,0
110.7,0
110.88,0
111.06,0
111.24,0
111.42,0
111.6,0
111.78,0
111.96,0
112.14,0
112.32,0
112.5,0
112.68,0
112.86,0
113.04,0
113.22,0
113.4,0
113.58,0
113.76,0
113.94,0
114.12,0
114.3,0
114.48,0
114.66,0
114.84,0
115.02,0
115.2,0
115.38,0
115.56,0
115.74,0
115.92,0
116.1,0
116.28,0
116.46,0
116.64,0
116.82,0
117,0
117.18,0
117.36,0
117.54,0
117.72,0
117.9,0
118.08,0
118.26,0
118.44,0
118.62,0
118.8,0
118.98,0
119.16,0
119.34,0
119.52,0
119.7,0
119.88,0
120.06,0
120.24,0
120.42,0
120.6,0
120.78,0
120.96,0
121.14,0
121.32,0
121.5,0
121.68,0
121.86,0
122.04,0
122.22,0
122.4,0
122.58,0
122.76,0
122.94,0
123.12,0
123.3,0
123.48,0
123.66,0
123.84,0
124.02,0
124.2,0
124.38,0
124.56,0
124.74,0
124.92,0
125.1,0
125.28,0
125.46,0
125.64,0
125.82,0
126,0
126.18,0
126.36,0
126.54,0
126.72,0
126.9,0
127.08,0
127.26,0
127.44,0
127.62,0
127.8,0
127.98,0
128.16,0
128.34,0
128.52,0
128.7,0
128.88,0
129.06,0
129.24,0
129.42,0
129.6,0
129.78,0
129.96,0
130.14,0
130.32,0
130.5,0
130.68,0
130.86,0
131.04,0
131.22,0
131.4,0
131.58,0
131.76,0
131.94,0
132.12,0
132.3,0
132.48,0
132.66,0
132.84,0
133.02,0
133.2,0
133.38,0
133.56,0
133.74,0
133.92,0
134.1,0
134.28,0
134.46,0
134.64,0
134.82,0
135,0
135.18,0
135.36,0
135.54,0
135.72,0
135.9,0
136.08,0
136.26,0
136.44,0
136.62,0
136.8,0
136.98,0
137.16,0
137.34,0
137.52,0
137.7,0
137.88,0
138.06,0
138.24,0
138.42,0
138.6,0
138.78,0
138.96,0
139.14,0
139.32,0
139.5,0
139.68,0
139.86,0
140.04,0
140.22,0
140.4,0
140.58,0
140.76,0
140.94,0
141.12,0
141.3,0
141.48,0
141.66,0
141.84,0
142.02,0
142.2,0
142.38,0
142.56,0
142.74,0
142.92,0
143.1,0
143.28,0
143.46,0
143.64,0
143.82,0
144,0
144.18,0
144.36,0
144.54,0
144.72,0
144.9,0
145.08,0
145.26,0
145.44,0
145.62,0
145.8,0
145.98,0
146.16,0
146.34,0
146.52,0
146.7,0
146.88,0
147.06,0
147.24,0
147.42,0
147.6,0
147.78,0
147.96,0
148.14,0
148.32,0
148.5,0
148.68,0
148.86,0
149.04,0
149.22,0
149.4,0
149.58,0
149.76,0
149.94,0
150.12,0
150.3,0
150.48,0
150.66,0
150.84,0
151.02,0
151.2,0
151.38,0
151.56,0
151.74,0
151.92,0
152.1,0
152.28,0
152.46,0
152.64,0
152.82,0
153,0
153.18,0
153.36,0
153.54,0
153.72,0
153.9,0
154.08,0
154.26,0
154.44,0
154.62,0
154.8,0
154.98,0
155.16,0
155.34,0
155.52,0
155.7,0
155.88,0
156.06,0
156.24,0
156.42,0
156.6,0
156.78,0
156.96,0
157.14,0
157.32,0
157.5,0
157.68,0
157.86,0
158.04,0
158.22,0
158.4,0
158.58,0
158.76,0
158.94,0
159.12,0
159.3,0
159.48,0
159.66,0
159.84,0
160.02,0
160.2,0
160.38,0
160.56,0
160.74,0
160.92,0
161.1,0
161.28,0
161.46,0
161.64,0
161.82,0
162,0
162.18,0
162.36,0
162.54,0
162.72,0
162.9,0
163.08,0
163.26,0
163.44,0
163.62,0
163.8,0
163.98,0
164.16,0
164.34,0
164.52,0
164.7,0
164.88,0
165.06,0
165.24,0
165.42,0
165.6,0
165.78,0
165.96,0
166.14,0
166.32,0
166.5,0
166.68,0
166.86,0
167.04,0
167.22,0
167.4,0
167.58,0
167.76,0
167.94,0
168.12,0
168.3,0
168.48,0
168.66,0
168.84,0
169.02,0
169.2,0
169.38,0
169.56,0
169.74,0
169.92,0
170.1,0
170.28,0
170.46,0
170.64,0
170.82,0
171,0
171.18,0
171.36,0
171.54,0
171.72,0
171.9,0
172.08,0
172.26,0
172.44,0
172.62,0
172.8,0
172.98,0
173.16,0
173.34,0
173.52,0
173.7,0
173.88,0
174.06,0
174.24,0
174.42,0
174.6,0
174.78,0
174.96,0
175.14,0
175.32,0
175.5,0
175.68,0
175.86,0
176.04,0
176.22,0
176.4,0
176.58,0
176.76,0
176.94,0
177.12,0
177.3,0
177.48,0
177.66,0
177.84,0
178.02,0
178.2,0
178.38,0
178.56,0
178.74,0
178.92,0
179.1,0
179.28,0
179.46,0
179.64,0
179.82,0
180,0
180.18,0
180.36,0
180.54,0
180.72,0
180.9,0
181.08,0
181.26,0
181.44,0
181.62,0
181.8,0
181.98,0
182.16,0
182.34,0
182.52,0
182.7,0
182.88,0
183.06,0
183.24,0
183.42,0
183.6,0
183.78,0
183.96,0
184.14,0
184.32,0
184.5,0
184.68,0
184.86,0
185.04,0
185.22,0
185.4,0
185.58,0
185.76,0
185.94,0
186.12,0
186.3,0
186.48,0
186.66,0
186.84,0
187.02,0
187.2,0
187.38,0
187.56,0
187.74,0
187.92,0
188.1,0
188.28,0
188.46,0
188.64,0
188.82,0
189,0
189.18,0
189.36,0
189.54,0
189.72,0
189.9,0
190.08,0
190.26,0
190.44,0
190.62,0
190.8,0
190.98,0
191.16,0
191.34,0
191.52,0
191.7,0
191.88,0
192.06,0
192.24,0
192.42,0
192.6,0
192.78,0
192.96,0
193.14,0
193.32,0
193.5,0
193.68,0
193.86,0
194.04,0
194.22,0
194.4,0
194.58,0
194.76,0
194.94,0
195.12,0
195.3,0
195.48,0
195.66,0
195.84,0
196.02,0
196.2,0
196.38,0
196.56,0
196.74,0
196.92,0
197.1,0
197.28,0
197.46,0
197.64,0
197.82,0
198,0
198.18,0
198.36,0
198.54,0
198.72,0
198.9,0
199.08,0
199.26,0
199.44,0
199.62,0
199.8,0
199.98,0
200.16,0
200.34,0
200.52,0
200.7,0
200.88,0
201.06,0
201.24,0
201.42,0
201.6,0
201.78,0
201.96,0
202.14,0
202.32,0
202.5,0
202.68,0
202.86,0
203.04,0
203.22,0
203.4,0
203.58,0
203.76,0
203.94,0
204.12,0
204.3,0
204.48,0
204.66,0
204.84,0
205.02,0
205.2,0
205.38,0
205.56,0
205.74,0
205.92,0
206.1,0
206.28,0
206.46,0
206.64,0
206.82,0
207,0
207.18,0
207.36,0
207.54,0
207.72,0
207.9,0
208.08,0
208.26,0
208.44,0
208.62,0
208.8,0
208.98,0
209.16,0
209.34,0
209.52,0
209.7,0
209.88,0
210.06,0
210.24,0
210.42,0
210.6,0
210.78,0
210.96,0
211.14,0
211.32,0
211.5,0
211.68,0
211.86,0
212.04,0
212.22,0
212.4,0
212.58,0
212.76,0
212.94,0
213.12,0
213.3,0
213.48,0
213.66,0
213.84,0
214.02,0
214.2,0
214.38,0
214.56,0
214.74,0
214.92,0
215.1,0
215.28,0
215.46,0
215.64,0
215.82,0
216,0
216.18,0
216.36,0
216.54,0
216.72,0
216.9,0
217.08,0
217.26,0
217.44,0
217.62,0
217.8,0
217.98,0
218.16,0
218.34,0
218.52,0
218.7,0
218.88,0
219.06,0
219.24,0
219.42,0
219.6,0
219.78,0
219.96,0
220.14,0
220.32,0
220.5,0
220.68,0
220.86,0
221.04,0
221.22,0
221.4,0
221.58,0
221.76,0
221.94,0
222.12,0
222.3,0
222.48,0
222.66,0
222.84,0
223.02,0
223.2,0
223.38,0
223.56,0
223.74,0
223.92,0
224.1,0
224.28,0
224.46,0
224.64,0
224.82,0
225,0
225.18,0
225.36,0
225.54,0
225.72,0
225.9,0
226.08,0
226.26,0
226.44,0
226.62,0
226.8,0
226.98,0
227.16,0
227.34,0
227.52,0
227.7,0
227.88,0
228.06,0
228.24,0
228.42,0
228.6,0
228.78,0
228.96,0
229.14,0
229.32,0
229.5,0
229.68,0
229.86,0
230.04,0
230.22,0
230.4,0
230.58,0
230.76,0
230.94,0
231.12,0
231.3,0
231.48,0
231.66,0
231.84,0
232.02,0
232.2,0
232.38,0
232.56,0
232.74,0
232.92,0
233.1,0
233.28,0
233.46,0
233.64,0
233.82,0
234,0
234.18,0
234.36,0
234.54,0
234.72,0
234.9,0
235.08,0
235.26,0
235.44,0
235.62,0
235.8,0
235.98,0
236.16,0
236.34,0
236.52,0
236.7,0
236.88,0
237.06,0
237.24,0
237.42,0
237.6,0
237.78,0
237.96,0
238.14,0
238.32,0
238.5,0
238.68,0
238.86,0
239.04,0
239.22,0
239.4,0
239.58,0
239.76,0
239.94,0
240.12,0
240.3,0
240.48,0
240.66,0
240.84,0
241.02,0
241.2,0
241.38,0
241.56,0
241.74,0
241.92,0
242.1,0
242.28,0
242.46,0
242.64,0
242.82,0
243,0
243.18,0
243.36,0
243.54,0
243.72,0
243.9,0
244.08,0
244.26,0
244.44,0
244.62,0
244.8,0
244.98,0
245.16,0
245.34,0
245.52,0
245.7,0
245.88,0
246.06,0
246.24,0
246.42,0
246.6,0
246.78,0
246.96,0
247.14,0
247.32,0
247.5,0
247.68,0
247.86,0
248.04,0
248.22,0
248.4,0
248.58,0
248.76,0
248.94,0
249.12,0
249.3,0
249.48,0
249.66,0
249.84,0
250.02,0
250.2,0
250.38,0
250.56,0
250.74,0
250.92,0
251.1,0
251.28,0
251.46,0
251.64,0
251.82,0
252,0
252.18,0
252.36,0
252.54,0
252.72,0
252.9,0
253.08,0
253.26,0
253.44,0
253.62,0
253.8,0
253.98,0
254.16,0
254.34,0
254.52,0
254.7,0
254.88,0
255.06,0
255.24,0
255.42,0
255.6,0
255.78,0
255.96,0
256.14,0
256.32,0
256.5,0
256.68,0
256.86,0
257.04,0
257.22,0
257.4,0
257.58,0
257.76,0
257.94,0
258.12,0
258.3,0
258.48,0
258.66,0
258.84,0
259.02,0
259.2,0
259.38,0
259.56,0
259.74,0
259.92,0
260.1,0
260.28,0
260.46,0
260.64,0
260.82,0
261,0
261.18,0
261.36,0
261.54,0
261.72,0
261.9,0
262.08,0
262.26,0
262.44,0
262.62,0
262.8,0
262.98,0
263.16,0
263.34,0
263.52,0
263.7,0
263.88,0
264.06,0
264.24,0
264.42,0
264.6,0
264.78,0
264.96,0
265.14,0
265.32,0
265.5,0
265.68,0
265.86,0
266.04,0
266.22,0
266.4,0
266.58,0
266.76,0
266.94,0
267.12,0
267.3,0
267.48,0
267.66,0
267.84,0
268.02,0
268.2,0
268.38,0
268.56,0
268.74,0
268.92,0
269.1,0
269.28,0
269.46,0
269.64,0
269.82,0
270,0
270.18,0
270.36,0
270.54,0
270.72,0
270.9,0
271.08,0
271.26,0
271.44,0
271.62,0
271.8,0
271.98,0
272.16,0
272.34,0
272.52,0
272.7,0
272.88,0
273.06,0
273.24,0
273.42,0
273.6,0
273.78,0
273.96,0
274.14,0
274.32,0
274.5,0
274.68,0
274.86,0
275.04,0
275.22,0
275.4,0
275.58,0
275.76,0
275.94,0
276.12,0
276.3,0
276.48,0
276.66,0
276.84,0
277.02,0
277.2,0
277.38,0
277.56,0
277.74,0
277.92,0
278.1,0
278.28,0
278.46,0
278.64,0
278.82,0
279,0
279.18,0
279.36,0
279.54,0
279.72,0
279.9,0
280.08,0
280.26,0
280.44,0
280.62,0
280.8,0
280.98,0
281.16,0
281.34,0
281.52,0
281.7,0
281.88,0
282.06,0
282.24,0
282.42,0
282.6,0
282.78,0
282.96,0
283.14,0
283.32,0
283.5,0
283.68,0
283.86,0
284.04,0
284.22,0
284.4,0
284.58,0
284.76,0
284.94,0
285.12,0
285.3,0
285.48,0
285.66,0
285.84,0
286.02,0
286.2,0
286.38,0
286.56,0
286.74,0
286.92,0
287.1,0
287.28,0
287.46,0
287.64,0
287.82,0
288,0
288.18,0
288.36,0
288.54,0
288.72,0
288.9,0
289.08,0
289.26,0
289.44,0
289.62,0
289.8,0
289.98,0
290.16,0
290.34,0
290.52,0
290.7,0
290.88,0
291.06,0
291.24,0
291.42,0
291.6,0
291.78,0
291.96,0
292.14,0
292.32,0
292.5,0
292.68,0
292.86,0
293.04,0
293.22,0
293.4,0
293.58,0
293.76,0
293.94,0
294.12,0
294.3,0
294.48,0
294.66,0
294.84,0
295.02,0
295.2,0
295.38,0
295.56,0
295.74,0
295.92,0
296.1,0
296.28,0
296.46,0
296.64,0
296.82,0
297,0
297.18,0
297.36,0
297.54,0
297.72,0
297.9,0
298.08,0
298.26,0
298.44,0
298.62,0
298.8,0
298.98,0
299.16,0
299.34,0
299.52,0
299.7,0
299.88,0
300.06,0
300.24,0
300.42,0
300.6,0
300.78,0
300.96,0
301.14,0
301.32,0
301.5,0
301.68,0
301.86,0
302.04,0
302.22,0
302.4,0
302.58,0
302.76,0
302.94,0
303.12,0
303.3,0
303.48,0
303.66,0
303.84,0
304.02,0
304.2,0
304.38,0
304.56,0
304.74,0
304.92,0
305.1,0
305.28,0
305.46,0
305.64,0
305.82,0
306,0
306.18,0
306.36,0
306.54,0
306.72,0
306.9,0
307.08,0
307.26,0
307.44,0
307.62,0
307.8,0
307.98,0
308.16,0
308.34,0
308.52,0
308.7,0
308.88,0
309.06,0
309.24,0
309.42,0
309.6,0
309.78,0
309.96,0
310.14,0
310.32,0
310.5,0
310.68,0
310.86,0
311.04,0
311.22,0
311.4,0
311.58,0
311.76,0
311.94,0
312.12,0
312.3,0
312.48,0
312.66,0
312.84,0
313.02,0
313.2,0
313.38,0
313.56,0
313.74,0
313.92,0
314.1,0
314.28,0
314.46,0
314.64,0
314.82,0
315,0
315.18,0
315.36,0
315.54,0
315.72,0
315.9,0
316.08,0
316.26,0
316.44,0
316.62,0
316.8,0
316.98,0
317.16,0
317.34,0
317.52,0
317.7,0
317.88,0
318.06,0
318.24,0
318.42,0
318.6,0
318.78,0
318.96,0
319.14,0
319.32,0
319.5,0
319.68,0
319.86,0
320.04,0
320.22,0
320.4,0
320.58,0
320.76,0
320.94,0
321.12,0
321.3,0
321.48,0
321.66,0
321.84,0
322.02,0
322.2,0
322.38,0
322.56,0
322.74,0
322.92,0
323.1,0
323.28,0
323.46,0
323.64,0
323.82,0
324,0
324.18,0
324.36,0
324.54,0
324.72,0
324.9,0
325.08,0
325.26,0
325.44,0
325.62,0
325.8,0
325.98,0
326.16,0
326.34,0
326.52,0
326.7,0
326.88,0
327.06,0
327.24,0
327.42,0
327.6,0
327.78,0
327.96,0
328.14,0
328.32,0
328.5,0
328.68,0
328.86,0
329.04,0
329.22,0
329.4,0
329.58,0
329.76,0
329.94,0
330.12,0
330.3,0
330.48,0
330.66,0
330.84,0
331.02,0
331.2,0
331.38,0
331.56,0
331.74,0
331.92,0
332.1,0
332.28,0
332.46,0
332.64,0
332.82,0
333,0
333.18,0
333.36,0
333.54,0
333.72,0
333.9,0
334.08,0
334.26,0
334.44,0
334.62,0
334.8,0
334.98,0
335.16,0
335.34,0
335.52,0
335.7,0
335.88,0
336.06,0
336.24,0
336.42,0
336.6,0
336.78,0
336.96,0
337.14,0
337.32,0
337.5,0
337.68,0
337.86,0
338.04,0
338.22,0
338.4,0
338.58,0
338.76,0
338.94,0
339.12,0
339.3,0
339.48,0
339.66,0
339.84,0
340.02,0
340.2,0
340.38,0
340.56,0
340.74,0
340.92,0
341.1,0
341.28,0
341.46,0
341.64,0
341.82,0
342,0
342.18,0
342.36,0
342.54,0
342.72,0
342.9,0
343.08,0
343.26,0
343.44,0
343.62,0
343.8,0
343.98,0
344.16,0
344.34,0
344.52,0
344.7,0
344.88,0
345.06,0
345.24,0
345.42,0
345.6,0
345.78,0
345.96,0
346.14,0
346.32,0
346.5,0
346.68,0
346.86,0
347.04,0
347.22,0
347.4,0
347.58,0
347.76,0
347.94,0
348.12,0
348.3,0
348.48,0
348.66,0
348.84,0
349.02,0
349.2,0
349.38,0
349.56,0
349.74,0
349.92,0
350.1,0
350.28,0
350.46,0
350.64,0
350.82,0
351,0
351.18,0
351.36,0
351.54,0
351.72,0
351.9,0
352.08,0
352.26,0
352.44,0
352.62,0
352.8,0
352.98,0
353.16,0
353.34,0
353.52,0
353.7,0
353.88,0
354.06,0
354.24,0
354.42,0
354.6,0
354.78,0
354.96,0
355.14,0
355.32,0
355.5,0
355.68,0
355.86,0
356.04,0
356.22,0
356.4,0
356.58,0
356.76,0
356.94,0
357.12,0
357.3,0
357.48,0
357.66,0
357.84,0
358.02,0
358.2,0
358.38,0
358.56,0
358.74,0
358.92,0
359.1,0
359.28,0
359.46,0
359.64,0
359.82,0
360,0
360.18,0
360.36,0
360.54,0
360.72,0
360.9,0
361.08,0
361.26,0
361.44,0
361.62,0
361.8,0
361.98,0
362.16,0
362.34,0
362.52,0
362.7,0
362.88,0
363.06,0
363.24,0
363.42,0
363.6,0
363.78,0
363.96,0
364.14,0
364.32,0
364.5,0
364.68,0
364.86,0
365.04,0
365.22,0
365.4,0
365.58,0
365.76,0
365.94,0
366.12,0
366.3,0
366.48,0
366.66,0
366.84,0
367.02,0
367.2,0
367.38,0
367.56,0
367.74,0
367.92,0
368.1,0
368.28,0
368.46,0
368.64,0
368.82,0
369,0
369.18,0
369.36,0
369.54,0
369.72,0
369.9,0
370.08,0
370.26,0
370.44,0
370.62,0
370.8,0
370.98,0
371.16,0
371.34,0
371.52,0
371.7,0
371.88,0
372.06,0
372.24,0
372.42,0
372.6,0
372.78,0
372.96,0
373.14,0
373.32,0
373.5,0
373.68,0
373.86,0
374.04,0
374.22,0
374.4,0
374.58,0
374.76,0
374.94,0
375.12,0
375.3,0
375.48,0
375.66,0
375.84,0
376.02,0
376.2,0
376.38,0
376.56,0
376.74,0
376.92,0
377.1,0
377.28,0
377.46,0
377.64,0
377.82,0
378,0
378.18,0
378.36,0
378.54,0
378.72,0
378.9,0
379.08,0
379.26,0
379.44,0
379.62,0
379.8,0
379.98,0
380.16,0
380.34,0
380.52,0
380.7,0
380.88,0
381.06,0
381.24,0
381.42,0
381.6,0
381.78,0
381.96,0
382.14,0
382.32,0
382.5,0
382.68,0
382.86,0
383.04,0
383.22,0
383.4,0
383.58,0
383.76,0
383.94,0
384.12,0
384.3,0
384.48,0
384.66,0
384.84,0
385.02,0
385.2,0
385.38,0
385.56,0
385.74,0
385.92,0
386.1,0
386.28,0
386.46,0
386.64,0
386.82,0
387,0
387.18,0
387.36,0
387.54,0
387.72,0
387.9,0
388.08,0
388.26,0
388.44,0
388.62,0
388.8,0
388.98,0
389.16,0
389.34,0
389.52,0
389.7,0
389.88,0
390.06,0
390.24,0
390.42,0
390.6,0
390.78,0
390.96,0
391.14,0
391.32,0
391.5,0
391.68,0
391.86,0
392.04,0
392.22,0
392.4,0
392.58,0
392.76,0
392.94,0
393.12,0
393.3,0
393.48,0
393.66,0
393.84,0
394.02,0
394.2,0
394.38,0
394.56,0
394.74,0
394.92,0
395.1,0
395.28,0
395.46,0
395.64,0
395.82,0
396,0
396.18,0
396.36,0
396.54,0
396.72,0
396.9,0
397.08,0
397.26,0
397.44,0
397.62,0
397.8,0
397.98,0
398.16,0
398.34,0
398.52,0
398.7,0
398.88,0
399.06,0
399.24,0
399.42,0
399.6,0
399.78,0
399.96,0
400.14,0
400.32,0
400.5,0
400.68,0
400.86,0
401.04,0
401.22,0
401.4,0
401.58,0
401.76,0
401.94,0
402.12,0
402.3,0
402.48,0
402.66,0
402.84,0
403.02,0
403.2,0
403.38,0
403.56,0
403.74,0
403.92,0
404.1,0
404.28,0
404.46,0
404.64,0
404.82,0
405,0
405.18,0
405.36,0
405.54,0
405.72,0
405.9,0
406.08,0
406.26,0
406.44,0
406.62,0
406.8,0
406.98,0
407.16,0
407.34,0
407.52,0
407.7,0
407.88,0
408.06,0
408.24,0
408.42,0
408.6,0
408.78,0
408.96,0
409.14,0
409.32,0
409.5,0
409.68,0
409.86,0
410.04,0
410.22,0
410.4,0
410.58,0
410.76,0
410.94,0
411.12,0
411.3,0
411.48,0
411.66,0
411.84,0
412.02,0
412.2,0
412.38,0
412.56,0
412.74,0
412.92,0
413.1,0
413.28,0
413.46,0
413.64,0
413.82,0
414,0
414.18,0
414.36,0
414.54,0
414.72,0
414.9,0
415.08,0
415.26,0
415.44,0
415.62,0
415.8,0
415.98,0
416.16,0
416.34,0
416.52,0
416.7,0
416.88,0
417.06,0
417.24,0
417.42,0
417.6,0
417.78,0
417.96,0
418.14,0
418.32,0
418.5,0
418.68,0
418.86,0
419.04,0
419.22,0
419.4,0
419.58,0
419.76,0
419.94,0
420.12,0
420.3,0
420.48,0
420.66,0
420.84,0
421.02,0
421.2,0
421.38,0
421.56,0
421.74,0
421.92,0
422.1,0
422.28,0
422.46,0
422.64,0
422.82,0
423,0
423.18,0
423.36,0
423.54,0
423.72,0
423.9,0
424.08,0
424.26,0
424.44,0
424.62,0
424.8,0
424.98,0
425.16,0
425.34,0
425.52,0
425.7,0
425.88,0
426.06,0
426.24,0
426.42,0
426.6,0
426.78,0
426.96,0
427.14,0
427.32,0
427.5,0
427.68,0
427.86,0
428.04,0
428.22,0
428.4,0
428.58,0
428.76,0
428.94,0
429.12,0
429.3,0
429.48,0
429.66,0
429.84,0
430.02,0
430.2,0
430.38,0
430.56,0
430.74,0
430.92,0
431.1,0
431.28,0
431.46,0
431.64,0
431.82,0
432,0
432.18,0
432.36,0
432.54,0
432.72,0
432.9,0
433.08,0
433.26,0
433.44,0
433.62,0
433.8,0
433.98,0
434.16,0
434.34,0
434.52,0
434.7,0
434.88,0
435.06,0
435.24,0
435.42,0
435.6,0
435.78,0
435.96,0
436.14,0
436.32,0
436.5,0
436.68,0
436.86,0
437.04,0
437.22,0
437.4,0
437.58,0
437.76,0
437.94,0
438.12,0
438.3,0
438.48,0
438.66,0
438.84,0
439.02,0
439.2,0
439.38,0
439.56,0
439.74,0
439.92,0
440.1,0
440.28,0
440.46,0
440.64,0
440.82,0
441,0
441.18,0
441.36,0
441.54,0
441.72,0
441.9,0
442.08,0
442.26,0
442.44,0
442.62,0
442.8,0
442.98,0
443.16,0
443.34,0
443.52,0
443.7,0
443.88,0
444.06,0
444.24,0
444.42,0
444.6,0
444.78,0
444.96,0
445.14,0
445.32,0
445.5,0
445.68,0
445.86,0
446.04,0
446.22,0
446.4,0
446.58,0
446.76,0
446.94,0
447.12,0
447.3,0
447.48,0
447.66,0
447.84,0
448.02,0
448.2,0
448.38,0
448.56,0
448.74,0
448.92,0
449.1,0
449.28,0
449.46,0
449.64,0
449.82,0
450,0
450.18,0
450.36,0
450.54,0
450.72,0
450.9,0
451.08,0
451.26,0
451.44,0
451.62,0
451.8,0
451.98,0
452.16,0
452.34,0
452.52,0
452.7,0
452.88,0
453.06,0
453.24,0
453.42,0
453.6,0
453.78,0
453.96,0
454.14,0
454.32,0
454.5,0
454.68,0
454.86,0
455.04,0
455.22,0
455.4,0
455.58,0
455.76,0
455.94,0
456.12,0
456.3,0
456.48,0
456.66,0
456.84,0
457.02,0
457.2,0
457.38,0
457.56,0
457.74,0
457.92,0
458.1,0
458.28,0
458.46,0
458.64,0
458.82,0
459,0
459.18,0
459.36,0
459.54,0
459.72,0
459.9,0
460.08,0
460.26,0
460.44,0
460.62,0
460.8,0
460.98,0
461.16,0
461.34,0
461.52,0
461.7,0
461.88,0
462.06,0
462.24,0
462.42,0
462.6,0
462.78,0
462.96,0
463.14,0
463.32,0
463.5,0
463.68,0
463.86,0
464.04,0
464.22,0
464.4,0
464.58,0
464.76,0
464.94,0
465.12,0
465.3,0
465.48,0
465.66,0
465.84,0
466.02,0
466.2,0
466.38,0
466.56,0
466.74,0
466.92,0
467.1,0
467.28,0
467.46,0
467.64,0
467.82,0
468,0
468.18,0
468.36,0
468.54,0
468.72,0
468.9,0
469.08,0
469.26,0
469.44,0
469.62,0
469.8,0
469.98,0
470.16,0
470.34,0
470.52,0
470.7,0
470.88,0
471.06,0
471.24,0
471.42,0
471.6,0
471.78,0
471.96,0
472.14,0
472.32,0
472.5,0
472.68,0
472.86,0
473.04,0
473.22,0
473.4,0
473.58,0
473.76,0
473.94,0
474.12,0
474.3,0
474.48,0
474.66,0
474.84,0
475.02,0
475.2,0
475.38,0
475.56,0
475.74,0
475.92,0
476.1,0
476.28,0
476.46,0
476.64,0
476.82,0
477,0
477.18,0
477.36,0
477.54,0
477.72,0
477.9,0
478.08,0
478.26,0
478.44,0
478.62,0
478.8,0
478.98,0
479.16,0
479.34,0
479.52,0
479.7,0
479.88,0
480.06,0
480.24,0
480.42,0
480.6,0
480.78,0
480.96,0
481.14,0
481.32,0
481.5,0
481.68,0
481.86,0
482.04,0
482.22,0
482.4,0
482.58,0
482.76,0
482.94,0
483.12,0
483.3,0
483.48,0
483.66,0
483.84,0
484.02,0
484.2,0
484.38,0
484.56,0
484.74,0
484.92,0
485.1,0
485.28,0
485.46,0
485.64,0
485.82,0
486,0
486.18,0
486.36,0
486.54,0
486.72,0
486.9,0
487.08,0
487.26,0
487.44,0
487.62,0
487.8,0
487.98,0
488.16,0
488.34,0
488.52,0
488.7,0
488.88,0
489.06,0
489.24,0
489.42,0
489.6,0
489.78,0
489.96,0
490.14,0
490.32,0
490.5,0
490.68,0
490.86,0
491.04,0
491.22,0
491.4,0
491.58,0
491.76,0
491.94,0
492.12,0
492.3,0
492.48,0
492.66,0
492.84,0
493.02,0
493.2,0
493.38,0
493.56,0
493.74,0
493.92,0
494.1,0
494.28,0
494.46,0
494.64,0
494.82,0
495,0
495.18,0
495.36,0
495.54,0
495.72,0
495.9,0
496.08,0
496.26,0
496.44,0
496.62,0
496.8,0
496.98,0
497.16,0
497.34,0
497.52,0
497.7,0
497.88,0
498.06,0
498.24,0
498.42,0
498.6,0
498.78,0
498.96,0
499.14,0
499.32,0
499.5,0
499.68,0
499.86,0
500.04,0
500.22,0
500.4,0
500.58,0
500.76,0
500.94,0
501.12,0
501.3,0
501.48,0
501.66,0
501.84,0
502.02,0
502.2,0
502.38,0
502.56,0
502.74,0
502.92,0
503.1,0
503.28,0
503.46,0
503.64,0
503.82,0
504,0
504.18,0
504.36,0
504.54,0
504.72,0
504.9,0
505.08,0
505.26,0
505.44,0
505.62,0
505.8,0
505.98,0
506.16,0
506.34,0
506.52,0
506.7,0
506.88,0
507.06,0
507.24,0
507.42,0
507.6,0
507.78,0
507.96,0
508.14,0
508.32,0
508.5,0
508.68,0
508.86,0
509.04,0
509.22,0
509.4,0
509.58,0
509.76,0
509.94,0
510.12,0
510.3,0
510.48,0
510.66,0
510.84,0
511.02,0
511.2,0
511.38,0
511.56,0
511.74,0
511.92,0
512.1,0
512.28,0
512.46,0
512.64,0
512.82,0
513,0
513.18,0
513.36,0
513.54,0
513.72,0
513.9,0
514.08,0
514.26,0
514.44,0
514.62,0
514.8,0
514.98,0
515.16,0
515.34,0
515.52,0
515.7,0
515.88,0
516.06,0
516.24,0
516.42,0
516.6,0
516.78,0
516.96,0
517.14,0
517.32,0
517.5,0
517.68,0
517.86,0
518.04,0
518.22,0
518.4,0
518.58,0
518.76,0
518.94,0
519.12,0
519.3,0
519.48,0
519.66,0
519.84,0
520.02,0
520.2,0
520.38,0
520.56,0
520.74,0
520.92,0
521.1,0
521.28,0
521.46,0
521.64,0
521.82,0
522,0
522.18,0
522.36,0
522.54,0
522.72,0
522.9,0
523.08,0
523.26,0
523.44,0
523.62,0
523.8,0
523.98,0
524.16,0
524.34,0
524.52,0
524.7,0
524.88,0
525.06,0
525.24,0
525.42,0
525.6,0
525.78,0
525.96,0
526.14,0
526.32,0
526.5,0
526.68,0
526.86,0
527.04,0
527.22,0
527.4,0
527.58,0
527.76,0
527.94,0
528.12,0
528.3,0
528.48,0
528.66,0
528.84,0
529.02,0
529.2,0
529.38,0
529.56,0
529.74,0
529.92,0
530.1,0
530.28,0
530.46,0
530.64,0
530.82,0
531,0
531.18,0
531.36,0
531.54,0
531.72,0
531.9,0
532.08,0
532.26,0
532.44,0
532.62,0
532.8,0
532.98,0
533.16,0
533.34,0
533.52,0
533.7,0
533.88,0
534.06,0
534.24,0
534.42,0
534.6,0
534.78,0
534.96,0
535.14,0
535.32,0
535.5,0
535.68,0
535.86,0
536.04,0
536.22,0
536.4,0
536.58,0
536.76,0
536.94,0
537.12,0
537.3,0
537.48,0
537.66,0
537.84,0
538.02,0
538.2,0
538.38,0
538.56,0
538.74,0
538.92,0
539.1,0
539.28,0
539.46,0
539.64,0
539.82,0
540,0
540.18,0
540.36,0
540.54,0
540.72,0
540.9,0
541.08,0
541.26,0
541.44,0
541.62,0
541.8,0
541.98,0
542.16,0
542.34,0
542.52,0
542.7,0
542.88,0
543.06,0
543.24,0
543.42,0
543.6,0
543.78,0
543.96,0
544.14,0
544.32,0
544.5,0
544.68,0
544.86,0
545.04,0
545.22,0
545.4,0
545.58,0
545.76,0
545.94,0
546.12,0
546.3,0
546.48,0
546.66,0
546.84,0
547.02,0
547.2,0
547.38,0
547.56,0
547.74,0
547.92,0
548.1,0
548.28,0
548.46,0
548.64,0
548.82,0
549,0
549.18,0
549.36,0
549.54,0
549.72,0
549.9,0
550.08,0
550.26,0
550.44,0
550.62,0
550.8,0
550.98,0
551.16,0
551.34,0
551.52,0
551.7,0
551.88,0
552.06,0
552.24,0
552.42,0
552.6,0
552.78,0
552.96,0
553.14,0
553.32,0
553.5,0
553.68,0
553.86,0
554.04,0
554.22,0
554.4,0
554.58,0
554.76,0
554.94,0
555.12,0
555.3,0
555.48,0
555.66,0
555.84,0
556.02,0
556.2,0
556.38,0
556.56,0
556.74,0
556.92,0
557.1,0
557.28,0
557.46,0
557.64,0
557.82,0
558,0
558.18,0
558.36,0
558.54,0
558.72,0
558.9,0
559.08,0
559.26,0
559.44,0
559.62,0
559.8,0
559.98,0
560.16,0
560.34,0
560.52,0
560.7,0
560.88,0
561.06,0
561.24,0
561.42,0
561.6,0
561.78,0
561.96,0
562.14,0
562.32,0
562.5,0
562.68,0
562.86,0
563.04,0
563.22,0
563.4,0
563.58,0
563.76,0
563.94,0
564.12,0
564.3,0
564.48,0
564.66,0
564.84,0
565.02,0
565.2,0
565.38,0
565.56,0
565.74,0
565.92,0
566.1,0
566.28,0
566.46,0
566.64,0
566.82,0
567,0
567.18,0
567.36,0
567.54,0
567.72,0
567.9,0
568.08,0
568.26,0
568.44,0
568.62,0
568.8,0
568.98,0
569.16,0
569.34,0
569.52,0
569.7,0
569.88,0
570.06,0
570.24,0
570.42,0
570.6,0
570.78,0
570.96,0
571.14,0
571.32,0
571.5,0
571.68,0
571.86,0
572.04,0
572.22,0
572.4,0
572.58,0
572.76,0
572.94,0
573.12,0
573.3,0
573.48,0
573.66,0
573.84,0
574.02,0
574.2,0
574.38,0
574.56,0
574.74,0
574.92,0
575.1,0
575.28,0
575.46,0
575.64,0
575.82,0
576,0
576.18,0
576.36,0
576.54,0
576.72,0
576.9,0
577.08,0
577.26,0
577.44,0
577.62,0
577.8,0
577.98,0
578.16,0
578.34,0
578.52,0
578.7,0
578.88,0
579.06,0
579.24,0
579.42,0
579.6,0
579.78,0
579.96,0
580.14,0
580.32,0
580.5,0
580.68,0
580.86,0
581.04,0
581.22,0
581.4,0
581.58,0
581.76,0
581.94,0
582.12,0
582.3,0
582.48,0
582.66,0
582.84,0
583.02,0
583.2,0
583.38,0
583.56,0
583.74,0
583.92,0
584.1,0
584.28,0
584.46,0
584.64,0
584.82,0
585,0
585.18,0
585.36,0
585.54,0
585.72,0
585.9,0
586.08,0
586.26,0
586.44,0
586.62,0
586.8,0
586.98,0
587.16,0
587.34,0
587.52,0
587.7,0
587.88,0
588.06,0
588.24,0
588.42,0
588.6,0
588.78,0
588.96,0
589.14,0
589.32,0
589.5,0
589.68,0
589.86,0
590.04,0
590.22,0
590.4,0
590.58,0
590.76,0
590.94,0
591.12,0
591.3,0
591.48,0
591.66,0
591.84,0
592.02,0
592.2,0
592.38,0
592.56,0
592.74,0
592.92,0
593.1,0
593.28,0
593.46,0
593.64,0
593.82,0
594,0
594.18,0
594.36,0
594.54,0
594.72,0
594.9,0
595.08,0
595.26,0
595.44,0
595.62,0
595.8,0
595.98,0
596.16,0
596.34,0
596.52,0
596.7,0
596.88,0
597.06,0
597.24,0
597.42,0
597.6,0
597.78,0
597.96,0
598.14,0
598.32,0
598.5,0
598.68,0
598.86,0
599.04,0
599.22,0
599.4,0
599.58,0
599.76,0
599.94,0
600.12,0
600.3,0
600.48,0
600.66,0
600.84,0
601.02,0
601.2,0
601.38,0
601.56,0
601.74,0
601.92,0
602.1,0
602.28,0
602.46,0
602.64,0
602.82,0
603,0
603.18,0
603.36,0
603.54,0
603.72,0
603.9,0
604.08,0
604.26,0
604.44,0
604.62,0
604.8,0
604.98,0
605.16,0
605.34,0
605.52,0
605.7,0
605.88,0
606.06,0
606.24,0
606.42,0
606.6,0
606.78,0
606.96,0
607.14,0
607.32,0
607.5,0
607.68,0
607.86,0
608.04,0
608.22,0
608.4,0
608.58,0
608.76,0
608.94,0
609.12,0
609.3,0
609.48,0
609.66,0
609.84,0
610.02,0
610.2,0
610.38,0
610.56,0
610.74,0
610.92,0
611.1,0
611.28,0
611.46,0
611.64,0
611.82,0
612,0
612.18,0
612.36,0
612.54,0
612.72,0
612.9,0
613.08,0
613.26,0
613.44,0
613.62,0
613.8,0
613.98,0
614.16,0
614.34,0
614.52,0
614.7,0
614.88,0
615.06,0
615.24,0
615.42,0
615.6,0
615.78,0
615.96,0
616.14,0
616.32,0
616.5,0
616.68,0
616.86,0
617.04,0
617.22,0
617.4,0
617.58,0
617.76,0
617.94,0
618.12,0
618.3,0
618.48,0
618.66,0
618.84,0
619.02,0
619.2,0
619.38,0
619.56,0
619.74,0
619.92,0
620.1,0
620.28,0
620.46,0
620.64,0
620.82,0
621,0
621.18,0
621.36,0
621.54,0
621.72,0
621.9,0
622.08,0
622.26,0
622.44,0
622.62,0
622.8,0
622.98,0
623.16,0
623.34,0
623.52,0
623.7,0
623.88,0
624.06,0
624.24,0
624.42,0
624.6,0
624.78,0
624.96,0
625.14,0
625.32,0
625.5,0
625.68,0
625.86,0
626.04,0
626.22,0
626.4,0
626.58,0
626.76,0
626.94,0
627.12,0
627.3,0
627.48,0
627.66,0
627.84,0
628.02,0
628.2,0
628.38,0
628.56,0
628.74,0
628.92,0
629.1,0
629.28,0
629.46,0
629.64,0
629.82,0
630,0
630.18,0
630.36,0
630.54,0
630.72,0
630.9,0
631.08,0
631.26,0
631.44,0
631.62,0
631.8,0
631.98,0
632.16,0
632.34,0
632.52,0
632.7,0
632.88,0
633.06,0
633.24,0
633.42,0
633.6,0
633.78,0
633.96,0
634.14,0
634.32,0
634.5,0
634.68,0
634.86,0
635.04,0
635.22,0
635.4,0
635.58,0
635.76,0
635.94,0
636.12,0
636.3,0
636.48,0
636.66,0
636.84,0
637.02,0
637.2,0
637.38,0
637.56,0
637.74,0
637.92,0
638.1,0
638.28,0
638.46,0
638.64,0
638.82,0
639,0
639.18,0
639.36,0
639.54,0
639.72,0
639.9,0
640.08,0
640.26,0
640.44,0
640.62,0
640.8,0
640.98,0
641.16,0
641.34,0
641.52,0
641.7,0
641.88,0
642.06,0
642.24,0
642.42,0
642.6,0
642.78,0
642.96,0
643.14,0
643.32,0
643.5,0
643.68,0
643.86,0
644.04,0
644.22,0
644.4,0
644.58,0
644.76,0
644.94,0
645.12,0
645.3,0
645.48,0
645.66,0
645.84,0
646.02,0
646.2,0
646.38,0
646.56,0
646.74,0
646.92,0
647.1,0
647.28,0
647.46,0
647.64,0
647.82,0
648,0
648.18,0
648.36,0
648.54,0
648.72,0
648.9,0
649.08,0
649.26,0
649.44,0
649.62,0
649.8,0
649.98,0
650.16,0
650.34,0
650.52,0
650.7,0
650.88,0
651.06,0
651.24,0
651.42,0
651.6,0
651.78,0
651.96,0
652.14,0
652.32,0
652.5,0
652.68,0
652.86,0
653.04,0
653.22,0
653.4,0
653.58,0
653.76,0
653.94,0
654.12,0
654.3,0
654.48,0
654.66,0
654.84,0
655.02,0
655.2,0
655.38,0
655.56,0
655.74,0
655.92,0
656.1,0
656.28,0
656.46,0
656.64,0
656.82,0
657,0
657.18,0
657.36,0
657.54,0
657.72,0
657.9,0
658.08,0
658.26,0
658.44,0
658.62,0
658.8,0
658.98,0
659.16,0
659.34,0
659.52,0
659.7,0
659.88,0
660.06,0
660.24,0
660.42,0
660.6,0
660.78,0
660.96,0
661.14,0
661.32,0
661.5,0
661.68,0
661.86,0
662.04,0
662.22,0
662.4,0
662.58,0
662.76,0
662.94,0
663.12,0
663.3,0
663.48,0
663.66,0
663.84,0
664.02,0
664.2,0
664.38,0
664.56,0
664.74,0
664.92,0
665.1,0
665.28,0
665.46,0
665.64,0
665.82,0
666,0
666.18,0
666.36,0
666.54,0
666.72,0
666.9,0
667.08,0
667.26,0
667.44,0
667.62,0
667.8,0
667.98,0
668.16,0
668.34,0
668.52,0
668.7,0
668.88,0
669.06,0
669.24,0
669.42,0
669.6,0
669.78,0
669.96,0
670.14,0
670.32,0
670.5,0
670.68,0
670.86,0
671.04,0
671.22,0
671.4,0
671.58,0
671.76,0
671.94,0
672.12,0
672.3,0
672.48,0
672.66,0
672.84,0
673.02,0
673.2,0
673.38,0
673.56,0
673.74,0
673.92,0
674.1,0
674.28,0
674.46,0
674.64,0
674.82,0
675,0
675.18,0
675.36,0
675.54,0
675.72,0
675.9,0
676.08,0
676.26,0
676.44,0
676.62,0
676.8,0
676.98,0
677.16,0
677.34,0
677.52,0
677.7,0
677.88,0
678.06,0
678.24,0
678.42,0
678.6,0
678.78,0
678.96,0
679.14,0
679.32,0
679.5,0
679.68,0
679.86,0
680.04,0
680.22,0
680.4,0
680.58,0
680.76,0
680.94,0
681.12,0
681.3,0
681.48,0
681.66,0
681.84,0
682.02,0
682.2,0
682.38,0
682.56,0
682.74,0
682.92,0
683.1,0
683.28,0
683.46,0
683.64,0
683.82,0
684,0
684.18,0
684.36,0
684.54,0
684.72,0
684.9,0
685.08,0
685.26,0
685.44,0
685.62,0
685.8,0
685.98,0
686.16,0
686.34,0
686.52,0
686.7,0
686.88,0
687.06,0
687.24,0
687.42,0
687.6,0
687.78,0
687.96,0
688.14,0
688.32,0
688.5,0
688.68,0
688.86,0
689.04,0
689.22,0
689.4,0
689.58,0
689.76,0
689.94,0
690.12,0
690.3,0
690.48,0
690.66,0
690.84,0
691.02,0
691.2,0
691.38,0
691.56,0
691.74,0
691.92,0
692.1,0
692.28,0
692.46,0
692.64,0
692.82,0
693,0
693.18,0
693.36,0
693.54,0
693.72,0
693.9,0
694.08,0
694.26,0
694.44,0
694.62,0
694.8,0
694.98,0
695.16,0
695.34,0
695.52,0
695.7,0
695.88,0
696.06,0
696.24,0
696.42,0
696.6,0
696.78,0
696.96,0
697.14,0
697.32,0
697.5,0
697.68,0
697.86,0
698.04,0
698.22,0
698.4,0
698.58,0
698.76,0
698.94,0
699.12,0
699.3,0
699.48,0
699.66,0
699.84,0
700.02,0
700.2,0
700.38,0
700.56,0
700.74,0
700.92,0
701.1,0
701.28,0
701.46,0
701.64,0
701.82,0
702,0
702.18,0
702.36,0
702.54,0
702.72,0
702.9,0
703.08,0
703.26,0
703.44,0
703.62,0
703.8,0
703.98,0
704.16,0
704.34,0
704.52,0
704.7,0
704.88,0
705.06,0
705.24,0
705.42,0
705.6,0
705.78,0
705.96,0
706.14,0
706.32,0
706.5,0
706.68,0
706.86,0
707.04,0
707.22,0
707.4,0
707.58,0
707.76,0
707.94,0
708.12,0
708.3,0
708.48,0
708.66,0
708.84,0
709.02,0
709.2,0
709.38,0
709.56,0
709.74,0
709.92,0
710.1,0
710.28,0
710.46,0
710.64,0
710.82,0
711,0
711.18,0
711.36,0
711.54,0
711.72,0
711.9,0
712.08,0
712.26,0
712.44,0
712.62,0
712.8,0
712.98,0
713.16,0
713.34,0
713.52,0
713.7,0
713.88,0
714.06,0
714.24,0
714.42,0
714.6,0
714.78,0
714.96,0
715.14,0
715.32,0
715.5,0
715.68,0
715.86,0
716.04,0
716.22,0
716.4,0
716.58,0
716.76,0
716.94,0
717.12,0
717.3,0
717.48,0
717.66,0
717.84,0
718.02,0
718.2,0
718.38,0
718.56,0
718.74,0
718.92,0
719.1,0
719.28,0
719.46,0
719.64,0
719.82,0
720,0
720.18,0
720.36,0
720.54,0
720.72,0
720.9,0
721.08,0
721.26,0
721.44,0
721.62,0
721.8,0
721.98,0
722.16,0
722.34,0
722.52,0
722.7,0
722.88,0
723.06,0
723.24,0
723.42,0
723.6,0
723.78,0
723.96,0
724.14,0
724.32,0
724.5,0
724.68,0
724.86,0
725.04,0
725.22,0
725.4,0
725.58,0
725.76,0
725.94,0
726.12,0
726.3,0
726.48,0
726.66,0
726.84,0
727.02,0
727.2,0
727.38,0
727.56,0
727.74,0
727.92,0
728.1,0
728.28,0
728.46,0
728.64,0
728.82,0
729,0
729.18,0
729.36,0
729.54,0
729.72,0
729.9,0
730.08,0
730.26,0
730.44,0
730.62,0
730.8,0
730.98,0
731.16,0
731.34,0
731.52,0
731.7,0
731.88,0
732.06,0
732.24,0
732.42,0
732.6,0
732.78,0
732.96,0
733.14,0
733.32,0
733.5,0
733.68,0
733.86,0
734.04,0
734.22,0
734.4,0
734.58,0
734.76,0
734.94,0
735.12,0
735.3,0
735.48,0
735.66,0
735.84,0
736.02,0
736.2,0
736.38,0
736.56,0
736.74,0
736.92,0
737.1,0
737.28,0
737.46,0
737.64,0
737.82,0
738,0
738.18,0
738.36,0
738.54,0
738.72,0
738.9,0
739.08,0
739.26,0
739.44,0
739.62,0
739.8,0
739.98,0
740.16,0
740.34,0
740.52,0
740.7,0
740.88,0
741.06,0
741.24,0
741.42,0
741.6,0
741.78,0
741.96,0
742.14,0
742.32,0
742.5,0
742.68,0
742.86,0
743.04,0
743.22,0
743.4,0
743.58,0
743.76,0
743.94,0
744.12,0
744.3,0
744.48,0
744.66,0
744.84,0
745.02,0
745.2,0
745.38,0
745.56,0
745.74,0
745.92,0
746.1,0
746.28,0
746.46,0
746.64,0
746.82,0
747,0
747.18,0
747.36,0
747.54,0
747.72,0
747.9,0
748.08,0
748.26,0
748.44,0
748.62,0
748.8,0
748.98,0
749.16,0
749.34,0
749.52,0
749.7,0
749.88,0
750.06,0
750.24,0
750.42,0
750.6,0
750.78,0
750.96,0
751.14,0
751.32,0
751.5,0
751.68,0
751.86,0
752.04,0
752.22,0
752.4,0
752.58,0
752.76,0
752.94,0
753.12,0
753.3,0
753.48,0
753.66,0
753.84,0
754.02,0
754.2,0
754.38,0
754.56,0
754.74,0
754.92,0
755.1,0
755.28,0
755.46,0
755.64,0
755.82,0
756,0
756.18,0
756.36,0
756.54,0
756.72,0
756.9,0
757.08,0
757.26,0
757.44,0
757.62,0
757.8,0
757.98,0
758.16,0
758.34,0
758.52,0
758.7,0
758.88,0
759.06,0
759.24,0
759.42,0
759.6,0
759.78,0
759.96,0
760.14,0
760.32,0
760.5,0
760.68,0
760.86,0
761.04,0
761.22,0
761.4,0
761.58,0
761.76,0
761.94,0
762.12,0
762.3,0
762.48,0
762.66,0
762.84,0
763.02,0
763.2,0
763.38,0
763.56,0
763.74,0
763.92,0
764.1,0
764.28,0
764.46,0
764.64,0
764.82,0
765,0
765.18,0
765.36,0
765.54,0
765.72,0
765.9,0
766.08,0
766.26,0
766.44,0
766.62,0
766.8,0
766.98,0
767.16,0
767.34,0
767.52,0
767.7,0
767.88,0
768.06,0
768.24,0
768.42,0
768.6,0
768.78,0
768.96,0
769.14,0
769.32,0
769.5,0
769.68,0
769.86,0
770.04,0
770.22,0
770.4,0
770.58,0
770.76,0
770.94,0
771.12,0
771.3,0
771.48,0
771.66,0
771.84,0
772.02,0
772.2,0
772.38,0
772.56,0
772.74,0
772.92,0
773.1,0
773.28,0
773.46,0
773.64,0
773.82,0
774,0
774.18,0
774.36,0
774.54,0
774.72,0
774.9,0
775.08,0
775.26,0
775.44,0
775.62,0
775.8,0
775.98,0
776.16,0
776.34,0
776.52,0
776.7,0
776.88,0
777.06,0
777.24,0
777.42,0
777.6,0
777.78,0
777.96,0
778.14,0
778.32,0
778.5,0
778.68,0
778.86,0
779.04,0
779.22,0
779.4,0
779.58,0
779.76,0
779.94,0
780.12,0
780.3,0
780.48,0
780.66,0
780.84,0
781.02,0
781.2,0
781.38,0
781.56,0
781.74,0
781.92,0
782.1,0
782.28,0
782.46,0
782.64,0
782.82,0
783,0
783.18,0
783.36,0
783.54,0
783.72,0
783.9,0
784.08,0
784.26,0
784.44,0
784.62,0
784.8,0
784.98,0
785.16,0
785.34,0
785.52,0
785.7,0
785.88,0
786.06,0
786.24,0
786.42,0
786.6,0
786.78,0
786.96,0
787.14,0
787.32,0
787.5,0
787.68,0
787.86,0
788.04,0
788.22,0
788.4,0
788.58,0
788.76,0
788.94,0
789.12,0
789.3,0
789.48,0
789.66,0
789.84,0
790.02,0
790.2,0
790.38,0
790.56,0
790.74,0
790.92,0
791.1,0
791.28,0
791.46,0
791.64,0
791.82,0
792,0
792.18,0
792.36,0
792.54,0
792.72,0
792.9,0
793.08,0
793.26,0
793.44,0
793.62,0
793.8,0
793.98,0
794.16,0
794.34,0
794.52,0
794.7,0
794.88,0
795.06,0
795.24,0
795.42,0
795.6,0
795.78,0
795.96,0
796.14,0
796.32,0
796.5,0
796.68,0
796.86,0
797.04,0
797.22,0
797.4,0
797.58,0
797.76,0
797.94,0
798.12,0
798.3,0
798.48,0
798.66,0
798.84,0
799.02,0
799.2,0
799.38,0
799.56,0
799.74,0
799.92,0
800.1,0
800.28,0
800.46,0
800.64,0
800.82,0
801,0
801.18,0
801.36,0
801.54,0
801.72,0
801.9,0
802.08,0
802.26,0
802.44,0
802.62,0
802.8,0
802.98,0
803.16,0
803.34,0
803.52,0
803.7,0
803.88,0
804.06,0
804.24,0
804.42,0
804.6,0
804.78,0
804.96,0
805.14,0
805.32,0
805.5,0
805.68,0
805.86,0
806.04,0
806.22,0
806.4,0
806.58,0
806.76,0
806.94,0
807.12,0
807.3,0
807.48,0
807.66,0
807.84,0
808.02,0
808.2,0
808.38,0
808.56,0
808.74,0
808.92,0
809.1,0
809.28,0
809.46,0
809.64,0
809.82,0
810,0
810.18,0
810.36,0
810.54,0
810.72,0
810.9,0
811.08,0
811.26,0
811.44,0
811.62,0
811.8,0
811.98,0
812.16,0
812.34,0
812.52,0
812.7,0
812.88,0
813.06,0
813.24,0
813.42,0
813.6,0
813.78,0
813.96,0
814.14,0
814.32,0
814.5,0
814.68,0
814.86,0
815.04,0
815.22,0
815.4,0
815.58,0
815.76,0
815.94,0
816.12,0
816.3,0
816.48,0
816.66,0
816.84,0
817.02,0
817.2,0
817.38,0
817.56,0
817.74,0
817.92,0
818.1,0
818.28,0
818.46,0
818.64,0
818.82,0
819,0
819.18,0
819.36,0
819.54,0
819.72,0
819.9,0
820.08,0
820.26,0
820.44,0
820.62,0
820.8,0
820.98,0
821.16,0
821.34,0
821.52,0
821.7,0
821.88,0
822.06,0
822.24,0
822.42,0
822.6,0
822.78,0
822.96,0
823.14,0
823.32,0
823.5,0
823.68,0
823.86,0
824.04,0
824.22,0
824.4,0
824.58,0
824.76,0
824.94,0
825.12,0
825.3,0
825.48,0
825.66,0
825.84,0
826.02,0
826.2,0
826.38,0
826.56,0
826.74,0
826.92,0
827.1,0
827.28,0
827.46,0
827.64,0
827.82,0
828,0
828.18,0
828.36,0
828.54,0
828.72,0
828.9,0
829.08,0
829.26,0
829.44,0
829.62,0
829.8,0
829.98,0
830.16,0
830.34,0
830.52,0
830.7,0
830.88,0
831.06,0
831.24,0
831.42,0
831.6,0
831.78,0
831.96,0
832.14,0
832.32,0
832.5,0
832.68,0
832.86,0
833.04,0
833.22,0
833.4,0
833.58,0
833.76,0
833.94,0
834.12,0
834.3,0
834.48,0
834.66,0
834.84,0
835.02,0
835.2,0
835.38,0
835.56,0
835.74,0
835.92,0
836.1,0
836.28,0
836.46,0
836.64,0
836.82,0
837,0
837.18,0
837.36,0
837.54,0
837.72,0
837.9,0
838.08,0
838.26,0
838.44,0
838.62,0
838.8,0
838.98,0
839.16,0
839.34,0
839.52,0
839.7,0
839.88,0
840.06,0
840.24,0
840.42,0
840.6,0
840.78,0
840.96,0
841.14,0
841.32,0
841.5,0
841.68,0
841.86,0
842.04,0
842.22,0
842.4,0
842.58,0
842.76,0
842.94,0
843.12,0
843.3,0
843.48,0
843.66,0
843.84,0
844.02,0
844.2,0
844.38,0
844.56,0
844.74,0
844.92,0
845.1,0
845.28,0
845.46,0
845.64,0
845.82,0
846,0
846.18,0
846.36,0
846.54,0
846.72,0
846.9,0
847.08,0
847.26,0
847.44,0
847.62,0
847.8,0
847.98,0
848.16,0
848.34,0
848.52,0
848.7,0
848.88,0
849.06,0
849.24,0
849.42,0
849.6,0
849.78,0
849.96,0
850.14,0
850.32,0
850.5,0
850.68,0
850.86,0
851.04,0
851.22,0
851.4,0
851.58,0
851.76,0
851.94,0
852.12,0
852.3,0
852.48,0
852.66,0
852.84,0
853.02,0
853.2,0
853.38,0
853.56,0
853.74,0
853.92,0
854.1,0
854.28,0
854.46,0
854.64,0
854.82,0
855,0
855.18,0
855.36,0
855.54,0
855.72,0
855.9,0
856.08,0
856.26,0
856.44,0
856.62,0
856.8,0
856.98,0
857.16,0
857.34,0
857.52,0
857.7,0
857.88,0
858.06,0
858.24,0
858.42,0
858.6,0
858.78,0
858.96,0
859.14,0
859.32,0
859.5,0
859.68,0
859.86,0
860.04,0
860.22,0
860.4,0
860.58,0
860.76,0
860.94,0
861.12,0
861.3,0
861.48,0
861.66,0
861.84,0
862.02,0
862.2,0
862.38,0
862.56,0
862.74,0
862.92,0
863.1,0
863.28,0
863.46,0
863.64,0
863.82,0
864,0
864.18,0
864.36,0
864.54,0
864.72,0
864.9,0
865.08,0
865.26,0
865.44,0
865.62,0
865.8,0
865.98,0
866.16,0
866.34,0
866.52,0
866.7,0
866.88,0
867.06,0
867.24,0
867.42,0
867.6,0
867.78,0
867.96,0
868.14,0
868.32,0
868.5,0
868.68,0
868.86,0
869.04,0
869.22,0
869.4,0
869.58,0
869.76,0
869.94,0
870.12,0
870.3,0
870.48,0
870.66,0
870.84,0
871.02,0
871.2,0
871.38,0
871.56,0
871.74,0
871.92,0
872.1,0
872.28,0
872.46,0
872.64,0
872.82,0
873,0
873.18,0
873.36,0
873.54,0
873.72,0
873.9,0
874.08,0
874.26,0
874.44,0
874.62,0
874.8,0
874.98,0
875.16,0
875.34,0
875.52,0
875.7,0
875.88,0
876.06,0
876.24,0
876.42,0
876.6,0
876.78,0
876.96,0
877.14,0
877.32,0
877.5,0
877.68,0
877.86,0
878.04,0
878.22,0
878.4,0
878.58,0
878.76,0
878.94,0
879.12,0
879.3,0
879.48,0
879.66,0
879.84,0
880.02,0
880.2,0
880.38,0
880.56,0
880.74,0
880.92,0
881.1,0
881.28,0
881.46,0
881.64,0
881.82,0
882,0
882.18,0
882.36,0
882.54,0
882.72,0
882.9,0
883.08,0
883.26,0
883.44,0
883.62,0
883.8,0
883.98,0
884.16,0
884.34,0
884.52,0
884.7,0
884.88,0
885.06,0
885.24,0
885.42,0
885.6,0
885.78,0
885.96,0
886.14,0
886.32,0
886.5,0
886.68,0
886.86,0
887.04,0
887.22,0
887.4,0
887.58,0
887.76,0
887.94,0
888.12,0
888.3,0
888.48,0
888.66,0
888.84,0
889.02,0
889.2,0
889.38,0
889.56,0
889.74,0
889.92,0
890.1,0
890.28,0
890.46,0
890.64,0
890.82,0
891,0
891.18,0
891.36,0
891.54,0
891.72,0
891.9,0
892.08,0
892.26,0
892.44,0
892.62,0
892.8,0
892.98,0
893.16,0
893.34,0
893.52,0
893.7,0
893.88,0
894.06,0
894.24,0
894.42,0
894.6,0
894.78,0
894.96,0
895.14,0
895.32,0
895.5,0
895.68,0
895.86,0
896.04,0
896.22,0
896.4,0
896.58,0
896.76,0
896.94,0
897.12,0
897.3,0
897.48,0
897.66,0
897.84,0
898.02,0
898.2,0
898.38,0
898.56,0
898.74,0
898.92,0
899.1,0
899.28,0
899.46,0
899.64,0
899.82,0
